"TOA5","GCREW_MARSH_OUTLET","CR1000X","27811","CR1000X.Std.05.01","CPU:GCREW_MARSH_OUTLET_v4-6_multiple instruments.CR1X","51805","SontekTable"
"TIMESTAMP","RECORD","SONTEK_ID","Sample_number","yyyy","MM","dd","hh","Minute","ss","Flowrate","Stage","Mean_velocity","Total_volume","Water_depth","Index_velocity","Cross_area","Water_temperature","System_status","Velocity_XZxc","Velocity_XZzc","Velocity_XZxL","Velocity_XZxR","Batt_Vol_Sontek","Pitch_angle","Roll_angle","Perc_submergance","IceScore"
"TS","RN","","","","","","","","","m","m","m/s","m3","m","m/s","m2","Celsius","unitless","m/s","m/s","m/s","m/s","volts","degrees","degrees","percent","integer"
"","","Smp","Smp","Smp","Smp","Smp","Smp","Smp","Smp","Smp","Smp","Smp","Smp","Smp","Smp","Smp","Smp","Smp","Smp","Smp","Smp","Smp","Smp","Smp","Smp","Smp","Smp"
"2026-09-30 23:54:00",263418,"",7999,2026,9,30,23,45,5,-0.4518,1.085,-0.225,-497164.4,1.035,-0.244,2.007,21.02,0,-0.244,-0.004,-0.205,-0.291,13.1,-1.7,-0,100,0
"2026-09-30 23:57:00",263419,"",7999,2026,9,30,23,51,5,-0.4092,1.082,-0.204,-497316.9,1.032,-0.226,2.003,21.01,0,-0.226,-0.003,-0.177,-0.284,13.1,-1.7,-0,100,0
"2026-10-01 00:00:00",263420,"",7999,2026,9,30,23,51,5,-0.4092,1.082,-0.204,-497316.9,1.032,-0.226,2.003,21.01,0,-0.226,-0.003,-0.177,-0.284,13.1,-1.7,-0,100,0
"2026-10-01 00:03:00",263421,"",7999,2026,9,30,23,57,5,-0.4489,1.073,-0.226,-497473.8,1.023,-0.254,1.986,20.98,0,-0.254,-0.002,-0.202,-0.32,13.1,-1.7,-0,100,0
"2026-10-01 00:06:00",263422,"",7999,2026,9,30,23,57,5,-0.4489,1.073,-0.226,-497473.8,1.023,-0.254,1.986,20.98,0,-0.254,-0.002,-0.202,-0.32,13.1,-1.7,-0,100,0
"2026-10-01 00:09:00",263423,"",7999,2026,10,1,0,3,5,-0.4014,1.067,-0.203,-497624,1.017,-0.229,1.974,20.95,0,-0.229,-0.006,-0.207,-0.282,13.1,-1.7,-0,100,0
"2026-10-01 00:12:00",263424,"",7999,2026,10,1,0,3,5,-0.4014,1.067,-0.203,-497624,1.017,-0.229,1.974,20.95,0,-0.229,-0.006,-0.207,-0.282,13.1,-1.7,-0,100,0
"2026-10-01 00:15:00",263425,"",7999,2026,10,1,0,9,5,-0.3357,1.066,-0.17,-497752.7,1.016,-0.192,1.973,20.94,0,-0.192,-0.007,-0.165,-0.218,13.1,-1.7,-0,100,0
"2026-10-01 00:18:00",263426,"",7999,2026,10,1,0,9,5,-0.3357,1.066,-0.17,-497752.7,1.016,-0.192,1.973,20.94,0,-0.192,-0.007,-0.165,-0.218,13.1,-1.7,-0,100,0
"2026-10-01 00:21:00",263427,"",7999,2026,10,1,0,15,5,-0.239,1.069,-0.121,-497850.4,1.019,-0.131,1.977,20.95,0,-0.131,-0.002,-0.119,-0.154,13.1,-1.7,-0,100,0
"2026-10-01 00:24:00",263428,"",7999,2026,10,1,0,15,5,-0.239,1.069,-0.121,-497850.4,1.019,-0.131,1.977,20.95,0,-0.131,-0.002,-0.119,-0.154,13.1,-1.7,-0,100,0
"2026-10-01 00:27:00",263429,"",7999,2026,10,1,0,21,5,-0.233,1.071,-0.118,-497935,1.021,-0.123,1.981,20.94,0,-0.123,-0.002,-0.107,-0.168,13.1,-1.7,-0,100,0
"2026-10-01 00:30:00",263430,"",7999,2026,10,1,0,21,5,-0.233,1.071,-0.118,-497935,1.021,-0.123,1.981,20.94,0,-0.123,-0.002,-0.107,-0.168,13.1,-1.7,-0,100,0
"2026-10-01 00:33:00",263431,"",7999,2026,10,1,0,27,5,-0.3095,1.061,-0.158,-498037.3,1.011,-0.167,1.963,20.88,0,-0.167,-0.005,-0.151,-0.208,13.1,-1.7,-0,100,0
"2026-10-01 00:36:00",263432,"",7999,2026,10,1,0,27,5,-0.3095,1.061,-0.158,-498037.3,1.011,-0.167,1.963,20.88,0,-0.167,-0.005,-0.151,-0.208,13.1,-1.7,-0,100,0
"2026-10-01 00:39:00",263433,"",7999,2026,10,1,0,33,5,-0.2053,1.061,-0.105,-498123.7,1.011,-0.109,1.964,20.89,0,-0.109,0.001,-0.091,-0.152,13.1,-1.7,-0,100,0
"2026-10-01 00:42:00",263434,"",7999,2026,10,1,0,33,5,-0.2053,1.061,-0.105,-498123.7,1.011,-0.109,1.964,20.89,0,-0.109,0.001,-0.091,-0.152,13.1,-1.7,-0,100,0
"2026-10-01 00:45:00",263435,"",7999,2026,10,1,0,39,5,-0.2671,1.059,-0.136,-498212.5,1.009,-0.143,1.96,20.86,0,-0.143,0,-0.123,-0.187,13.1,-1.7,-0,100,0
"2026-10-01 00:48:00",263436,"",7999,2026,10,1,0,39,5,-0.2671,1.059,-0.136,-498212.5,1.009,-0.143,1.96,20.86,0,-0.143,0,-0.123,-0.187,13.1,-1.7,-0,100,0
"2026-10-01 00:51:00",263437,"",7999,2026,10,1,0,45,5,-0.2646,1.056,-0.135,-498308.1,1.006,-0.144,1.953,20.83,0,-0.144,-0.004,-0.121,-0.178,13.1,-1.7,-0,100,0
"2026-10-01 00:54:00",263438,"",7999,2026,10,1,0,45,5,-0.2646,1.056,-0.135,-498308.1,1.006,-0.144,1.953,20.83,0,-0.144,-0.004,-0.121,-0.178,13.1,-1.7,-0,100,0
"2026-10-01 00:57:00",263439,"",7999,2026,10,1,0,51,5,-0.2337,1.056,-0.12,-498395.9,1.006,-0.126,1.955,20.83,0,-0.126,-0.005,-0.128,-0.156,13.1,-1.7,-0,100,0
"2026-10-01 01:00:00",263440,"",7999,2026,10,1,0,51,5,-0.2337,1.056,-0.12,-498395.9,1.006,-0.126,1.955,20.83,0,-0.126,-0.005,-0.128,-0.156,13.1,-1.7,-0,100,0
"2026-10-01 01:03:00",263441,"",7999,2026,10,1,0,57,5,-0.3128,1.048,-0.161,-498499.1,0.998,-0.171,1.939,20.78,0,-0.171,-0.005,-0.137,-0.206,13.1,-1.7,-0,100,0
"2026-10-01 01:06:00",263442,"",7999,2026,10,1,0,57,5,-0.3128,1.048,-0.161,-498499.1,0.998,-0.171,1.939,20.78,0,-0.171,-0.005,-0.137,-0.206,13.1,-1.7,-0,100,0
"2026-10-01 01:09:00",263443,"",7999,2026,10,1,1,3,5,-0.2669,1.044,-0.138,-498600.7,0.994,-0.145,1.932,20.77,0,-0.145,-0.006,-0.123,-0.18,13.1,-1.7,-0,100,0
"2026-10-01 01:12:00",263444,"",7999,2026,10,1,1,3,5,-0.2669,1.044,-0.138,-498600.7,0.994,-0.145,1.932,20.77,0,-0.145,-0.006,-0.123,-0.18,13.1,-1.7,-0,100,0
"2026-10-01 01:15:00",263445,"",7999,2026,10,1,1,9,5,-0.2751,1.038,-0.143,-498698.7,0.988,-0.146,1.921,20.74,0,-0.146,-0.006,-0.13,-0.192,13.1,-1.7,-0,100,0
"2026-10-01 01:18:00",263446,"",7999,2026,10,1,1,9,5,-0.2751,1.038,-0.143,-498698.7,0.988,-0.146,1.921,20.74,0,-0.146,-0.006,-0.13,-0.192,13.1,-1.7,-0,100,0
"2026-10-01 01:21:00",263447,"",7999,2026,10,1,1,15,5,-0.2203,1.037,-0.115,-498784.6,0.987,-0.117,1.918,20.73,0,-0.117,-0.002,-0.088,-0.14,13.1,-1.7,-0,100,0
"2026-10-01 01:24:00",263448,"",7999,2026,10,1,1,15,5,-0.2203,1.037,-0.115,-498784.6,0.987,-0.117,1.918,20.73,0,-0.117,-0.002,-0.088,-0.14,13.1,-1.7,-0,100,0
"2026-10-01 01:27:00",263449,"",7999,2026,10,1,1,21,5,-0.227,1.034,-0.119,-498865.6,0.984,-0.128,1.914,20.71,0,-0.128,-0.005,-0.086,-0.173,13.1,-1.7,-0,100,0
"2026-10-01 01:30:00",263450,"",7999,2026,10,1,1,21,5,-0.227,1.034,-0.119,-498865.6,0.984,-0.128,1.914,20.71,0,-0.128,-0.005,-0.086,-0.173,13.1,-1.7,-0,100,0
"2026-10-01 01:33:00",263451,"",7999,2026,10,1,1,27,5,-0.2244,1.029,-0.118,-498946.7,0.979,-0.132,1.904,20.69,0,-0.132,-0.002,-0.086,-0.161,13.1,-1.7,-0,100,0
"2026-10-01 01:36:00",263452,"",7999,2026,10,1,1,27,5,-0.2244,1.029,-0.118,-498946.7,0.979,-0.132,1.904,20.69,0,-0.132,-0.002,-0.086,-0.161,13.1,-1.7,-0,100,0
"2026-10-01 01:39:00",263453,"",7999,2026,10,1,1,33,5,-0.2159,1.027,-0.114,-499025.5,0.977,-0.128,1.9,20.68,0,-0.128,-0.003,-0.081,-0.171,13.1,-1.7,-0,100,0
"2026-10-01 01:42:00",263454,"",7999,2026,10,1,1,33,5,-0.2159,1.027,-0.114,-499025.5,0.977,-0.128,1.9,20.68,0,-0.128,-0.003,-0.081,-0.171,13.1,-1.7,-0,100,0
"2026-10-01 01:45:00",263455,"",7999,2026,10,1,1,39,5,-0.1803,1.027,-0.095,-499094.7,0.977,-0.108,1.901,20.66,0,-0.108,-0.003,-0.102,-0.123,13.1,-1.7,-0,100,0
"2026-10-01 01:48:00",263456,"",7999,2026,10,1,1,39,5,-0.1803,1.027,-0.095,-499094.7,0.977,-0.108,1.901,20.66,0,-0.108,-0.003,-0.102,-0.123,13.1,-1.7,-0,100,0
"2026-10-01 01:51:00",263457,"",7999,2026,10,1,1,45,5,-0.1796,1.029,-0.094,-499159.4,0.979,-0.097,1.904,20.67,0,-0.097,-0.002,-0.091,-0.114,13.1,-1.7,-0,100,0
"2026-10-01 01:54:00",263458,"",7999,2026,10,1,1,45,5,-0.1796,1.029,-0.094,-499159.4,0.979,-0.097,1.904,20.67,0,-0.097,-0.002,-0.091,-0.114,13.1,-1.7,-0,100,0
"2026-10-01 01:57:00",263459,"",7999,2026,10,1,1,51,5,-0.1783,1.029,-0.094,-499223.8,0.979,-0.096,1.904,20.66,0,-0.096,-0.001,-0.074,-0.128,13.1,-1.7,-0,100,0
"2026-10-01 02:00:00",263460,"",7999,2026,10,1,1,51,5,-0.1783,1.029,-0.094,-499223.8,0.979,-0.096,1.904,20.66,0,-0.096,-0.001,-0.074,-0.128,13.1,-1.7,-0,100,0
"2026-10-01 02:03:00",263461,"",7999,2026,10,1,1,57,5,-0.1607,1.03,-0.084,-499283.8,0.98,-0.086,1.906,20.66,0,-0.086,0.001,-0.088,-0.116,13.1,-1.7,-0,100,0
"2026-10-01 02:06:00",263462,"",7999,2026,10,1,1,57,5,-0.1607,1.03,-0.084,-499283.8,0.98,-0.086,1.906,20.66,0,-0.086,0.001,-0.088,-0.116,13.1,-1.7,-0,100,0
"2026-10-01 02:09:00",263463,"",7999,2026,10,1,2,3,5,-0.1726,1.029,-0.091,-499344.5,0.979,-0.092,1.905,20.64,0,-0.092,0.002,-0.072,-0.14,13.1,-1.7,-0,100,0
"2026-10-01 02:12:00",263464,"",7999,2026,10,1,2,3,5,-0.1726,1.029,-0.091,-499344.5,0.979,-0.092,1.905,20.64,0,-0.092,0.002,-0.072,-0.14,13.1,-1.7,-0,100,0
"2026-10-01 02:15:00",263465,"",7999,2026,10,1,2,9,5,-0.0966,1.034,-0.05,-499388.4,0.984,-0.051,1.914,20.66,0,-0.051,-0.001,-0.03,-0.073,13.1,-1.7,-0,100,0
"2026-10-01 02:18:00",263466,"",7999,2026,10,1,2,9,5,-0.0966,1.034,-0.05,-499388.4,0.984,-0.051,1.914,20.66,0,-0.051,-0.001,-0.03,-0.073,13.1,-1.7,-0,100,0
"2026-10-01 02:21:00",263467,"",7999,2026,10,1,2,15,5,-0.0994,0.839,-0.064,-499423.9,0.789,-0.065,1.553,20.67,0,-0.065,0.004,-0.053,-0.085,13.1,-1.7,-0,100,0
"2026-10-01 02:24:00",263468,"",7999,2026,10,1,2,15,5,-0.0994,0.839,-0.064,-499423.9,0.789,-0.065,1.553,20.67,0,-0.065,0.004,-0.053,-0.085,13.1,-1.7,-0,100,0
"2026-10-01 02:27:00",263469,"",7999,2026,10,1,2,21,5,-0.1014,1.04,-0.053,-499460.2,0.99,-0.053,1.924,20.64,0,-0.053,0,-0.009,-0.081,13.1,-1.7,-0,100,0
"2026-10-01 02:30:00",263470,"",7999,2026,10,1,2,21,5,-0.1014,1.04,-0.053,-499460.2,0.99,-0.053,1.924,20.64,0,-0.053,0,-0.009,-0.081,13.1,-1.7,-0,100,0
"2026-10-01 02:33:00",263471,"",7999,2026,10,1,2,27,5,-0.0319,1.047,-0.016,-499480,0.997,-0.016,1.937,20.67,0,-0.016,0,-0.016,-0.031,13.1,-1.6,-0,100,0
"2026-10-01 02:36:00",263472,"",7999,2026,10,1,2,27,5,-0.0319,1.047,-0.016,-499480,0.997,-0.016,1.937,20.67,0,-0.016,0,-0.016,-0.031,13.1,-1.6,-0,100,0
"2026-10-01 02:39:00",263473,"",7999,2026,10,1,2,33,5,-0.0579,1.05,-0.03,-499497.8,1,-0.03,1.943,20.69,0,-0.03,0.003,-0.028,-0.05,13.1,-1.7,-0,100,0
"2026-10-01 02:42:00",263474,"",7999,2026,10,1,2,33,5,-0.0579,1.05,-0.03,-499497.8,1,-0.03,1.943,20.69,0,-0.03,0.003,-0.028,-0.05,13.1,-1.7,-0,100,0
