"TOA5","MGEO_SERC","CR1000X","50443","CR1000X.8.5.0","CPU:MGEO_SERCv31INT.CR1X","63885","LevelTable"
"TIMESTAMP","RECORD","Level_m_CBS","Pressure_mbar_CBS","Temperature_CBS","Status_CBS"
"TS","RN","m","mbar","Celsius","na"
"","","Smp","Smp","Smp","Smp"
"2026-09-30 01:00:00",28178,0,0,0,0
"2026-09-30 01:06:00",28179,0,0,0,0
"2026-09-30 01:12:00",28180,0,0,0,0
"2026-09-30 01:18:00",28181,0,0,0,0
"2026-09-30 01:24:00",28182,0,0,0,0
"2026-09-30 01:30:00",28183,0,0,0,0
"2026-09-30 01:36:00",28184,0,0,0,0
"2026-09-30 01:42:00",28185,0,0,0,0
"2026-09-30 01:48:00",28186,0,0,0,0
"2026-09-30 01:54:00",28187,0,0,0,0
"2026-09-30 02:00:00",28188,0,0,0,0
"2026-09-30 02:06:00",28189,0,0,0,0
"2026-09-30 02:12:00",28190,0,0,0,0
"2026-09-30 02:18:00",28191,0,0,0,0
"2026-09-30 02:24:00",28192,0,0,0,0
"2026-09-30 02:30:00",28193,0,0,0,0
"2026-09-30 02:36:00",28194,0,0,0,0
"2026-09-30 02:42:00",28195,0,0,0,0
"2026-09-30 02:48:00",28196,0,0,0,0
"2026-09-30 02:54:00",28197,0,0,0,0
"2026-09-30 03:00:00",28198,0,0,0,0
"2026-09-30 03:06:00",28199,0,0,0,0
"2026-09-30 03:12:00",28200,0,0,0,0
"2026-09-30 03:18:00",28201,0,0,0,0
"2026-09-30 03:24:00",28202,0,0,0,0
"2026-09-30 03:30:00",28203,0,0,0,0
"2026-09-30 03:36:00",28204,0,0,0,0
"2026-09-30 03:42:00",28205,0,0,0,0
"2026-09-30 03:48:00",28206,0,0,0,0
"2026-09-30 03:54:00",28207,0,0,0,0
"2026-09-30 04:00:00",28208,0,0,0,0
"2026-09-30 04:06:00",28209,0,0,0,0
"2026-09-30 04:12:00",28210,0,0,0,0
"2026-09-30 04:18:00",28211,0,0,0,0
"2026-09-30 04:24:00",28212,0,0,0,0
"2026-09-30 04:30:00",28213,0,0,0,0
"2026-09-30 04:36:00",28214,0,0,0,0
"2026-09-30 04:42:00",28215,0,0,0,0
"2026-09-30 04:48:00",28216,0,0,0,0
"2026-09-30 04:54:00",28217,0,0,0,0
"2026-09-30 05:00:00",28218,0,0,0,0
"2026-09-30 05:06:00",28219,0,0,0,0
"2026-09-30 05:12:00",28220,0,0,0,0
"2026-09-30 05:18:00",28221,0,0,0,0
"2026-09-30 05:24:00",28222,0,0,0,0
"2026-09-30 05:30:00",28223,0,0,0,0
"2026-09-30 05:36:00",28224,0,0,0,0
"2026-09-30 05:42:00",28225,0,0,0,0
"2026-09-30 05:48:00",28226,0,0,0,0
"2026-09-30 05:54:00",28227,0,0,0,0
"2026-09-30 06:00:00",28228,0,0,0,0
"2026-09-30 06:06:00",28229,0,0,0,0
"2026-09-30 06:12:00",28230,0,0,0,0
"2026-09-30 06:18:00",28231,0,0,0,0
"2026-09-30 06:24:00",28232,0,0,0,0
"2026-09-30 06:30:00",28233,0,0,0,0
"2026-09-30 06:36:00",28234,0,0,0,0
"2026-09-30 06:42:00",28235,0,0,0,0
"2026-09-30 06:48:00",28236,0,0,0,0
"2026-09-30 06:54:00",28237,0,0,0,0
"2026-09-30 07:00:00",28238,0,0,0,0
"2026-09-30 07:06:00",28239,0,0,0,0
"2026-09-30 07:12:00",28240,0,0,0,0
"2026-09-30 07:18:00",28241,0,0,0,0
"2026-09-30 07:24:00",28242,0,0,0,0
"2026-09-30 07:30:00",28243,0,0,0,0
"2026-09-30 07:36:00",28244,0,0,0,0
"2026-09-30 07:42:00",28245,0,0,0,0
"2026-09-30 07:48:00",28246,0,0,0,0
"2026-09-30 07:54:00",28247,0,0,0,0
"2026-09-30 08:00:00",28248,0,0,0,0
"2026-09-30 08:06:00",28249,0,0,0,0
"2026-09-30 08:12:00",28250,0,0,0,0
"2026-09-30 08:18:00",28251,0,0,0,0
"2026-09-30 08:24:00",28252,0,0,0,0
"2026-09-30 08:30:00",28253,0,0,0,0
"2026-09-30 08:36:00",28254,0,0,0,0
"2026-09-30 08:42:00",28255,0,0,0,0
"2026-09-30 08:48:00",28256,0,0,0,0
"2026-09-30 08:54:00",28257,0,0,0,0
"2026-09-30 09:00:00",28258,0,0,0,0
"2026-09-30 09:06:00",28259,0,0,0,0
"2026-09-30 09:12:00",28260,0,0,0,0
"2026-09-30 09:18:00",28261,0,0,0,0
"2026-09-30 09:24:00",28262,0,0,0,0
"2026-09-30 09:30:00",28263,0,0,0,0
"2026-09-30 09:36:00",28264,0,0,0,0
"2026-09-30 09:42:00",28265,0,0,0,0
"2026-09-30 09:48:00",28266,0,0,0,0
"2026-09-30 09:54:00",28267,0,0,0,0
"2026-09-30 10:00:00",28268,0,0,0,0
"2026-09-30 10:06:00",28269,0,0,0,0
"2026-09-30 10:12:00",28270,0,0,0,0
"2026-09-30 10:18:00",28271,0,0,0,0
"2026-09-30 10:24:00",28272,0,0,0,0
"2026-09-30 10:30:00",28273,0,0,0,0
"2026-09-30 10:36:00",28274,0,0,0,0
"2026-09-30 10:42:00",28275,0,0,0,0
"2026-09-30 10:48:00",28276,0,0,0,0
"2026-09-30 10:54:00",28277,0,0,0,0
"2026-09-30 11:00:00",28278,0,0,0,0
"2026-09-30 11:06:00",28279,0,0,0,0
"2026-09-30 11:12:00",28280,0,0,0,0
"2026-09-30 11:18:00",28281,0,0,0,0
"2026-09-30 11:24:00",28282,0,0,0,0
"2026-09-30 11:30:00",28283,0,0,0,0
"2026-09-30 11:36:00",28284,0,0,0,0
"2026-09-30 11:42:00",28285,0,0,0,0
"2026-09-30 11:48:00",28286,0,0,0,0
"2026-09-30 11:54:00",28287,0,0,0,0
"2026-09-30 12:00:00",28288,0,0,0,0
"2026-09-30 12:06:00",28289,0,0,0,0
"2026-09-30 12:12:00",28290,0,0,0,0
"2026-09-30 12:18:00",28291,0,0,0,0
"2026-09-30 12:24:00",28292,0,0,0,0
"2026-09-30 12:30:00",28293,0,0,0,0
"2026-09-30 12:36:00",28294,0,0,0,0
"2026-09-30 12:42:00",28295,0,0,0,0
"2026-09-30 12:48:00",28296,0,0,0,0
"2026-09-30 12:54:00",28297,0,0,0,0
"2026-09-30 13:00:00",28298,0,0,0,0
"2026-09-30 13:06:00",28299,0,0,0,0
"2026-09-30 13:12:00",28300,0,0,0,0
"2026-09-30 13:18:00",28301,0,0,0,0
"2026-09-30 13:24:00",28302,0,0,0,0
"2026-09-30 13:30:00",28303,0,0,0,0
"2026-09-30 13:36:00",28304,0,0,0,0
"2026-09-30 13:42:00",28305,0,0,0,0
"2026-09-30 13:48:00",28306,0,0,0,0
"2026-09-30 13:54:00",28307,0,0,0,0
"2026-09-30 14:00:00",28308,0,0,0,0
"2026-09-30 14:06:00",28309,0,0,0,0
"2026-09-30 14:12:00",28310,0,0,0,0
"2026-09-30 14:18:00",28311,0,0,0,0
"2026-09-30 14:24:00",28312,0,0,0,0
"2026-09-30 14:30:00",28313,0,0,0,0
"2026-09-30 14:36:00",28314,0,0,0,0
"2026-09-30 14:42:00",28315,0,0,0,0
"2026-09-30 14:48:00",28316,0,0,0,0
"2026-09-30 14:54:00",28317,0,0,0,0
"2026-09-30 15:00:00",28318,0,0,0,0
"2026-09-30 15:06:00",28319,0,0,0,0
"2026-09-30 15:12:00",28320,0,0,0,0
"2026-09-30 15:18:00",28321,0,0,0,0
"2026-09-30 15:24:00",28322,0,0,0,0
"2026-09-30 15:30:00",28323,0,0,0,0
"2026-09-30 15:36:00",28324,0,0,0,0
"2026-09-30 15:42:00",28325,0,0,0,0
"2026-09-30 15:48:00",28326,0,0,0,0
"2026-09-30 15:54:00",28327,0,0,0,0
"2026-09-30 16:00:00",28328,0,0,0,0
"2026-09-30 16:06:00",28329,0,0,0,0
"2026-09-30 16:12:00",28330,0,0,0,0
"2026-09-30 16:18:00",28331,0,0,0,0
"2026-09-30 16:24:00",28332,0,0,0,0
"2026-09-30 16:30:00",28333,0,0,0,0
"2026-09-30 16:36:00",28334,0,0,0,0
"2026-09-30 16:42:00",28335,0,0,0,0
"2026-09-30 16:48:00",28336,0,0,0,0
"2026-09-30 16:54:00",28337,0,0,0,0
"2026-09-30 17:00:00",28338,0,0,0,0
"2026-09-30 17:06:00",28339,0,0,0,0
"2026-09-30 17:12:00",28340,0,0,0,0
"2026-09-30 17:18:00",28341,0,0,0,0
"2026-09-30 17:24:00",28342,0,0,0,0
"2026-09-30 17:30:00",28343,0,0,0,0
"2026-09-30 17:36:00",28344,0,0,0,0
"2026-09-30 17:42:00",28345,0,0,0,0
"2026-09-30 17:48:00",28346,0,0,0,0
"2026-09-30 17:54:00",28347,0,0,0,0
"2026-09-30 18:00:00",28348,0,0,0,0
"2026-09-30 18:06:00",28349,0,0,0,0
"2026-09-30 18:12:00",28350,0,0,0,0
"2026-09-30 18:18:00",28351,0,0,0,0
"2026-09-30 18:24:00",28352,0,0,0,0
"2026-09-30 18:30:00",28353,0,0,0,0
"2026-09-30 18:36:00",28354,0,0,0,0
"2026-09-30 18:42:00",28355,0,0,0,0
"2026-09-30 18:48:00",28356,0,0,0,0
"2026-09-30 18:54:00",28357,0,0,0,0
"2026-09-30 19:00:00",28358,0,0,0,0
"2026-09-30 19:06:00",28359,0,0,0,0
"2026-09-30 19:12:00",28360,0,0,0,0
"2026-09-30 19:18:00",28361,0,0,0,0
"2026-09-30 19:24:00",28362,0,0,0,0
"2026-09-30 19:30:00",28363,0,0,0,0
"2026-09-30 19:36:00",28364,0,0,0,0
"2026-09-30 19:42:00",28365,0,0,0,0
"2026-09-30 19:48:00",28366,0,0,0,0
"2026-09-30 19:54:00",28367,0,0,0,0
"2026-09-30 20:00:00",28368,0,0,0,0
"2026-09-30 20:06:00",28369,0,0,0,0
"2026-09-30 20:12:00",28370,0,0,0,0
"2026-09-30 20:18:00",28371,0,0,0,0
"2026-09-30 20:24:00",28372,0,0,0,0
"2026-09-30 20:30:00",28373,0,0,0,0
"2026-09-30 20:36:00",28374,0,0,0,0
"2026-09-30 20:42:00",28375,0,0,0,0
"2026-09-30 20:48:00",28376,0,0,0,0
"2026-09-30 20:54:00",28377,0,0,0,0
"2026-09-30 21:00:00",28378,0,0,0,0
"2026-09-30 21:06:00",28379,0,0,0,0
"2026-09-30 21:12:00",28380,0,0,0,0
"2026-09-30 21:18:00",28381,0,0,0,0
"2026-09-30 21:24:00",28382,0,0,0,0
"2026-09-30 21:30:00",28383,0,0,0,0
"2026-09-30 21:36:00",28384,0,0,0,0
"2026-09-30 21:42:00",28385,0,0,0,0
"2026-09-30 21:48:00",28386,0,0,0,0
"2026-09-30 21:54:00",28387,0,0,0,0
"2026-09-30 22:00:00",28388,0,0,0,0
"2026-09-30 22:06:00",28389,0,0,0,0
"2026-09-30 22:12:00",28390,0,0,0,0
"2026-09-30 22:18:00",28391,0,0,0,0
"2026-09-30 22:24:00",28392,0,0,0,0
"2026-09-30 22:30:00",28393,0,0,0,0
"2026-09-30 22:36:00",28394,0,0,0,0
"2026-09-30 22:42:00",28395,0,0,0,0
"2026-09-30 22:48:00",28396,0,0,0,0
"2026-09-30 22:54:00",28397,0,0,0,0
