"TOA5","MGEO_SERC","CR1000X","50443","CR1000X.8.5.0","CPU:MGEO_SERCv31INT.CR1X","63885","LevelTable"
"TIMESTAMP","RECORD","Level_m_CBS","Pressure_mbar_CBS","Temperature_CBS","Status_CBS"
"TS","RN","m","mbar","Celsius","na"
"","","Smp","Smp","Smp","Smp"
"2026-03-31 01:00:00",3241,0,0,0,0
"2026-03-31 01:06:00",3242,0,0,0,0
"2026-03-31 01:12:00",3243,0,0,0,0
"2026-03-31 01:18:00",3244,0,0,0,0
"2026-03-31 01:24:00",3245,0,0,0,0
"2026-03-31 01:30:00",3246,0,0,0,0
"2026-03-31 01:36:00",3247,0,0,0,0
"2026-03-31 01:42:00",3248,0,0,0,0
"2026-03-31 01:48:00",3249,0,0,0,0
"2026-03-31 01:54:00",3250,0,0,0,0
"2026-03-31 02:00:00",3251,0,0,0,0
"2026-03-31 02:06:00",3252,0,0,0,0
"2026-03-31 02:12:00",3253,0,0,0,0
"2026-03-31 02:18:00",3254,0,0,0,0
"2026-03-31 02:24:00",3255,0,0,0,0
"2026-03-31 02:30:00",3256,0,0,0,0
"2026-03-31 02:36:00",3257,0,0,0,0
"2026-03-31 02:42:00",3258,0,0,0,0
"2026-03-31 02:48:00",3259,0,0,0,0
"2026-03-31 02:54:00",3260,0,0,0,0
"2026-03-31 03:00:00",3261,0,0,0,0
"2026-03-31 03:06:00",3262,0,0,0,0
"2026-03-31 03:12:00",3263,0,0,0,0
"2026-03-31 03:18:00",3264,0,0,0,0
"2026-03-31 03:24:00",3265,0,0,0,0
"2026-03-31 03:30:00",3266,0,0,0,0
"2026-03-31 03:36:00",3267,0,0,0,0
"2026-03-31 03:42:00",3268,0,0,0,0
"2026-03-31 03:48:00",3269,0,0,0,0
"2026-03-31 03:54:00",3270,0,0,0,0
"2026-03-31 04:00:00",3271,0,0,0,0
"2026-03-31 04:06:00",3272,0,0,0,0
"2026-03-31 04:12:00",3273,0,0,0,0
"2026-03-31 04:18:00",3274,0,0,0,0
"2026-03-31 04:24:00",3275,0,0,0,0
"2026-03-31 04:30:00",3276,0,0,0,0
"2026-03-31 04:36:00",3277,0,0,0,0
"2026-03-31 04:42:00",3278,0,0,0,0
"2026-03-31 04:48:00",3279,0,0,0,0
"2026-03-31 04:54:00",3280,0,0,0,0
"2026-03-31 05:00:00",3281,0,0,0,0
"2026-03-31 05:06:00",3282,0,0,0,0
"2026-03-31 05:12:00",3283,0,0,0,0
"2026-03-31 05:18:00",3284,0,0,0,0
"2026-03-31 05:24:00",3285,0,0,0,0
"2026-03-31 05:30:00",3286,0,0,0,0
"2026-03-31 05:36:00",3287,0,0,0,0
"2026-03-31 05:42:00",3288,0,0,0,0
"2026-03-31 05:48:00",3289,0,0,0,0
"2026-03-31 05:54:00",3290,0,0,0,0
"2026-03-31 06:00:00",3291,0,0,0,0
"2026-03-31 06:06:00",3292,0,0,0,0
"2026-03-31 06:12:00",3293,0,0,0,0
"2026-03-31 06:18:00",3294,0,0,0,0
"2026-03-31 06:24:00",3295,0,0,0,0
"2026-03-31 06:30:00",3296,0,0,0,0
"2026-03-31 06:36:00",3297,0,0,0,0
"2026-03-31 06:42:00",3298,0,0,0,0
"2026-03-31 06:48:00",3299,0,0,0,0
"2026-03-31 06:54:00",3300,0,0,0,0
"2026-03-31 07:00:00",3301,0,0,0,0
"2026-03-31 07:06:00",3302,0,0,0,0
"2026-03-31 07:12:00",3303,0,0,0,0
"2026-03-31 07:18:00",3304,0,0,0,0
"2026-03-31 07:24:00",3305,0,0,0,0
"2026-03-31 07:30:00",3306,0,0,0,0
"2026-03-31 07:36:00",3307,0,0,0,0
"2026-03-31 07:42:00",3308,0,0,0,0
"2026-03-31 07:48:00",3309,0,0,0,0
"2026-03-31 07:54:00",3310,0,0,0,0
"2026-03-31 08:00:00",3311,0,0,0,0
"2026-03-31 08:06:00",3312,0,0,0,0
"2026-03-31 08:12:00",3313,0,0,0,0
"2026-03-31 08:18:00",3314,0,0,0,0
"2026-03-31 08:24:00",3315,0,0,0,0
"2026-03-31 08:30:00",3316,0,0,0,0
"2026-03-31 08:36:00",3317,0,0,0,0
"2026-03-31 08:42:00",3318,0,0,0,0
"2026-03-31 08:48:00",3319,0,0,0,0
"2026-03-31 08:54:00",3320,0,0,0,0
"2026-03-31 09:00:00",3321,0,0,0,0
"2026-03-31 09:06:00",3322,0,0,0,0
"2026-03-31 09:12:00",3323,0,0,0,0
"2026-03-31 09:18:00",3324,0,0,0,0
"2026-03-31 09:24:00",3325,0,0,0,0
"2026-03-31 09:30:00",3326,0,0,0,0
"2026-03-31 09:36:00",3327,0,0,0,0
"2026-03-31 09:42:00",3328,0,0,0,0
"2026-03-31 09:48:00",3329,0,0,0,0
"2026-03-31 09:54:00",3330,0,0,0,0
"2026-03-31 10:00:00",3331,0,0,0,0
"2026-03-31 10:06:00",3332,0,0,0,0
"2026-03-31 10:12:00",3333,0,0,0,0
"2026-03-31 10:18:00",3334,0,0,0,0
"2026-03-31 10:24:00",3335,0,0,0,0
"2026-03-31 10:30:00",3336,0,0,0,0
"2026-03-31 10:36:00",3337,0,0,0,0
"2026-03-31 10:42:00",3338,0,0,0,0
"2026-03-31 10:48:00",3339,0,0,0,0
"2026-03-31 10:54:00",3340,0,0,0,0
"2026-03-31 11:00:00",3341,0,0,0,0
"2026-03-31 11:06:00",3342,0,0,0,0
"2026-03-31 11:12:00",3343,0,0,0,0
"2026-03-31 11:18:00",3344,0,0,0,0
"2026-03-31 11:24:00",3345,0,0,0,0
"2026-03-31 11:30:00",3346,0,0,0,0
"2026-03-31 11:36:00",3347,0,0,0,0
"2026-03-31 11:42:00",3348,0,0,0,0
"2026-03-31 11:48:00",3349,0,0,0,0
"2026-03-31 11:54:00",3350,0,0,0,0
"2026-03-31 12:00:00",3351,0,0,0,0
"2026-03-31 12:06:00",3352,0,0,0,0
"2026-03-31 12:12:00",3353,0,0,0,0
"2026-03-31 12:18:00",3354,0,0,0,0
"2026-03-31 12:24:00",3355,0,0,0,0
"2026-03-31 12:30:00",3356,0,0,0,0
"2026-03-31 12:36:00",3357,0,0,0,0
"2026-03-31 12:42:00",3358,0,0,0,0
"2026-03-31 12:48:00",3359,0,0,0,0
"2026-03-31 12:54:00",3360,0,0,0,0
"2026-03-31 13:00:00",3361,0,0,0,0
"2026-03-31 13:06:00",3362,0,0,0,0
"2026-03-31 13:12:00",3363,0,0,0,0
"2026-03-31 13:18:00",3364,0,0,0,0
"2026-03-31 13:24:00",3365,0,0,0,0
"2026-03-31 13:30:00",3366,0,0,0,0
"2026-03-31 13:36:00",3367,0,0,0,0
"2026-03-31 13:42:00",3368,0,0,0,0
"2026-03-31 13:48:00",3369,0,0,0,0
"2026-03-31 13:54:00",3370,0,0,0,0
"2026-03-31 14:00:00",3371,0,0,0,0
"2026-03-31 14:06:00",3372,0,0,0,0
"2026-03-31 14:12:00",3373,0,0,0,0
"2026-03-31 14:18:00",3374,0,0,0,0
"2026-03-31 14:24:00",3375,0,0,0,0
"2026-03-31 14:30:00",3376,0,0,0,0
"2026-03-31 14:36:00",3377,0,0,0,0
"2026-03-31 14:42:00",3378,0,0,0,0
"2026-03-31 14:48:00",3379,0,0,0,0
"2026-03-31 14:54:00",3380,0,0,0,0
"2026-03-31 15:00:00",3381,0,0,0,0
"2026-03-31 15:06:00",3382,0,0,0,0
"2026-03-31 15:12:00",3383,0,0,0,0
"2026-03-31 15:18:00",3384,0,0,0,0
"2026-03-31 15:24:00",3385,0,0,0,0
"2026-03-31 15:30:00",3386,0,0,0,0
"2026-03-31 15:36:00",3387,0,0,0,0
"2026-03-31 15:42:00",3388,0,0,0,0
"2026-03-31 15:48:00",3389,0,0,0,0
"2026-03-31 15:54:00",3390,0,0,0,0
"2026-03-31 16:00:00",3391,0,0,0,0
"2026-03-31 16:06:00",3392,0,0,0,0
"2026-03-31 16:12:00",3393,0,0,0,0
"2026-03-31 16:18:00",3394,0,0,0,0
"2026-03-31 16:24:00",3395,0,0,0,0
"2026-03-31 16:30:00",3396,0,0,0,0
"2026-03-31 16:36:00",3397,0,0,0,0
"2026-03-31 16:42:00",3398,0,0,0,0
"2026-03-31 16:48:00",3399,0,0,0,0
"2026-03-31 16:54:00",3400,0,0,0,0
"2026-03-31 17:00:00",3401,0,0,0,0
"2026-03-31 17:06:00",3402,0,0,0,0
"2026-03-31 17:12:00",3403,0,0,0,0
"2026-03-31 17:18:00",3404,0,0,0,0
"2026-03-31 17:24:00",3405,0,0,0,0
"2026-03-31 17:30:00",3406,0,0,0,0
"2026-03-31 17:36:00",3407,0,0,0,0
"2026-03-31 17:42:00",3408,0,0,0,0
"2026-03-31 17:48:00",3409,0,0,0,0
"2026-03-31 17:54:00",3410,0,0,0,0
"2026-03-31 18:00:00",3411,0,0,0,0
"2026-03-31 18:06:00",3412,0,0,0,0
"2026-03-31 18:12:00",3413,0,0,0,0
"2026-03-31 18:18:00",3414,0,0,0,0
"2026-03-31 18:24:00",3415,0,0,0,0
"2026-03-31 18:30:00",3416,0,0,0,0
"2026-03-31 18:36:00",3417,0,0,0,0
"2026-03-31 18:42:00",3418,0,0,0,0
"2026-03-31 18:48:00",3419,0,0,0,0
"2026-03-31 18:54:00",3420,0,0,0,0
"2026-03-31 19:00:00",3421,0,0,0,0
"2026-03-31 19:06:00",3422,0,0,0,0
"2026-03-31 19:12:00",3423,0,0,0,0
"2026-03-31 19:18:00",3424,0,0,0,0
"2026-03-31 19:24:00",3425,0,0,0,0
"2026-03-31 19:30:00",3426,0,0,0,0
"2026-03-31 19:36:00",3427,0,0,0,0
"2026-03-31 19:42:00",3428,0,0,0,0
"2026-03-31 19:48:00",3429,0,0,0,0
"2026-03-31 19:54:00",3430,0,0,0,0
"2026-03-31 20:00:00",3431,0,0,0,0
"2026-03-31 20:06:00",3432,0,0,0,0
"2026-03-31 20:12:00",3433,0,0,0,0
"2026-03-31 20:18:00",3434,0,0,0,0
"2026-03-31 20:24:00",3435,0,0,0,0
"2026-03-31 20:30:00",3436,0,0,0,0
"2026-03-31 20:36:00",3437,0,0,0,0
"2026-03-31 20:42:00",3438,0,0,0,0
"2026-03-31 20:48:00",3439,0,0,0,0
"2026-03-31 20:54:00",3440,0,0,0,0
"2026-03-31 21:00:00",3441,0,0,0,0
"2026-03-31 21:06:00",3442,0,0,0,0
"2026-03-31 21:12:00",3443,0,0,0,0
"2026-03-31 21:18:00",3444,0,0,0,0
"2026-03-31 21:24:00",3445,0,0,0,0
"2026-03-31 21:30:00",3446,0,0,0,0
"2026-03-31 21:36:00",3447,0,0,0,0
"2026-03-31 21:42:00",3448,0,0,0,0
"2026-03-31 21:48:00",3449,0,0,0,0
"2026-03-31 21:54:00",3450,0,0,0,0
"2026-03-31 22:00:00",3451,0,0,0,0
"2026-03-31 22:06:00",3452,0,0,0,0
"2026-03-31 22:12:00",3453,0,0,0,0
"2026-03-31 22:18:00",3454,0,0,0,0
"2026-03-31 22:24:00",3455,0,0,0,0
"2026-03-31 22:30:00",3456,0,0,0,0
"2026-03-31 22:36:00",3457,0,0,0,0
"2026-03-31 22:42:00",3458,0,0,0,0
"2026-03-31 22:48:00",3459,0,0,0,0
"2026-03-31 22:54:00",3460,0,0,0,0
