"TOA5","MGEO_SERC","CR1000X","50443","CR1000X.8.5.0","CPU:MGEO_SERCv31INT.CR1X","63885","RadarTable"
"TIMESTAMP","RECORD","Mean_Stage_3min","StDev_Stage_3min","Num_Outliers_3min","Num_Good_Readings_3min","Voltage_CS475A1","Current_Stage","Current_Distance","Wdistance","Voltage_CS475A2","Error_Code_CS475A1","Error_Code_CS475A2"
"TS","RN","m","m","#","#","Volts","m","m","","Volts","Code","Code"
"","","Smp","Smp","Smp","Smp","Smp","Smp","Smp","Smp","Smp","Smp","Smp"
"2026-05-01 00:00:00",10621,-3.095111,0.0004126,0,180,13.43671,-3.094962,3.094962,-3094.962,13.00545,0,0
"2026-05-01 00:06:00",10622,-3.092173,0.0009947,0,180,13.43671,-3.090272,3.090272,-3090.272,13.44517,0,0
"2026-05-01 00:12:00",10623,-3.087078,0.0002529,0,180,13.42825,-3.086797,3.086797,-3086.797,13.44517,0,0
"2026-05-01 00:18:00",10624,-3.087654,0.0004933,0,180,13.42825,-3.0881,3.0881,-3088.1,13.43671,0,0
"2026-05-01 00:24:00",10625,-3.08777,0.0002645,0,180,13.42825,-3.087871,3.087871,-3087.871,13.44517,0,0
"2026-05-01 00:30:00",10626,-3.088194,0.0005104,0,180,13.43671,-3.089236,3.089236,-3089.236,13.44517,0,0
"2026-05-01 00:36:00",10627,-3.093126,0.0006273,0,180,12.99699,-3.09406,3.09406,-3094.06,13.01391,0,0
"2026-05-01 00:42:00",10628,-3.092963,0.0002977,0,180,13.42825,-3.092928,3.092928,-3092.928,13.44517,0,0
"2026-05-01 00:48:00",10629,-3.093703,0.0005436,0,180,13.42825,-3.095058,3.095058,-3095.058,13.00545,0,0
"2026-05-01 00:54:00",10630,-3.09199,0.0012481,0,180,13.42825,-3.090162,3.090162,-3090.162,13.44517,0,0
"2026-05-01 01:00:00",10631,-3.082992,0.0010693,0,180,13.43671,-3.082041,3.082041,-3082.041,13.43671,0,0
"2026-05-01 01:06:00",10632,-3.075524,0.0009078,0,180,13.43671,-3.073345,3.073345,-3073.345,13.43671,0,0
"2026-05-01 01:12:00",10633,-3.065305,0.0020382,0,180,12.98854,-3.061494,3.061494,-3061.494,13.00545,0,0
"2026-05-01 01:18:00",10634,-3.052462,0.0014561,0,180,13.42825,-3.04977,3.04977,-3049.77,13.44517,0,0
"2026-05-01 01:24:00",10635,-3.040919,0.0019124,0,180,13.42825,-3.037206,3.037206,-3037.206,13.44517,0,0
"2026-05-01 01:30:00",10636,-3.026352,0.0020138,0,180,13.43671,-3.02315,3.02315,-3023.15,13.00545,0,0
"2026-05-01 01:36:00",10637,-3.01292,0.0015687,0,180,13.42825,-3.010045,3.010045,-3010.045,13.44517,0,0
"2026-05-01 01:42:00",10638,-3.000947,0.0018287,0,180,12.99699,-2.997633,2.997633,-2997.633,13.00545,0,0
"2026-05-01 01:48:00",10639,-2.986821,0.0019226,0,180,13.42825,-2.983864,2.983864,-2983.864,13.43671,0,0
"2026-05-01 01:54:00",10640,-2.976122,0.0014284,0,180,12.99699,-2.973375,2.973375,-2973.375,13.43671,0,0
"2026-05-01 02:00:00",10641,-2.967343,0.0014188,0,180,13.43671,-2.965153,2.965153,-2965.153,13.43671,0,0
"2026-05-01 02:06:00",10642,-2.958968,0.0009437,0,180,12.99699,-2.957467,2.957467,-2957.467,13.00545,0,0
"2026-05-01 02:12:00",10643,-2.954988,0.0004826,0,180,13.42825,-2.954078,2.954078,-2954.078,13.42825,0,0
"2026-05-01 02:18:00",10644,-2.95094,0.0007772,0,180,13.43671,-2.950062,2.950062,-2950.062,13.43671,0,0
"2026-05-01 02:24:00",10645,-2.947309,0.0005891,0,180,13.42825,-2.946366,2.946366,-2946.366,13.43671,0,0
"2026-05-01 02:30:00",10646,-2.944557,0.0005819,0,180,13.42825,-2.943382,2.943382,-2943.382,13.43671,0,0
"2026-05-01 02:36:00",10647,-2.939188,0.0008122,0,180,13.43671,-2.938054,2.938054,-2938.054,13.44517,0,0
"2026-05-01 02:42:00",10648,-2.935986,0.0001932,0,180,13.42825,-2.935617,2.935617,-2935.617,13.00545,0,0
"2026-05-01 02:48:00",10649,-2.932178,0.0008548,0,180,13.42825,-2.930723,2.930723,-2930.723,13.43671,0,0
"2026-05-01 02:54:00",10650,-2.926094,0.001102,0,180,13.43671,-2.924601,2.924601,-2924.601,13.43671,0,0
"2026-05-01 03:00:00",10651,-2.920658,0.0005209,0,180,13.43671,-2.919569,2.919569,-2919.569,13.45362,0,0
"2026-05-01 03:06:00",10652,-2.914877,0.0008058,0,180,13.42825,-2.914022,2.914022,-2914.022,13.43671,0,0
"2026-05-01 03:12:00",10653,-2.912116,0.0003893,0,180,13.43671,-2.911426,2.911426,-2911.426,12.99699,0,0
"2026-05-01 03:18:00",10654,-2.907207,0.0008466,0,180,13.42825,-2.906045,2.906045,-2906.045,13.44517,0,0
"2026-05-01 03:24:00",10655,-2.903048,0.0008065,0,180,12.99699,-2.901588,2.901588,-2901.588,13.00545,0,0
"2026-05-01 03:30:00",10656,-2.898754,0.0002382,0,180,13.43671,-2.898236,2.898236,-2898.236,13.43671,0,0
"2026-05-01 03:36:00",10657,-2.896551,0.0005319,0,180,13.42825,-2.895621,2.895621,-2895.621,13.43671,0,0
"2026-05-01 03:42:00",10658,-2.894537,0.0001898,0,180,12.98854,-2.894218,2.894218,-2894.218,12.99699,0,0
"2026-05-01 03:48:00",10659,-2.892884,0.0002489,0,180,13.42825,-2.892738,2.892738,-2892.738,13.43671,0,0
"2026-05-01 03:54:00",10660,-2.894223,0.0002273,0,180,13.42825,-2.894527,2.894527,-2894.527,13.43671,0,0
"2026-05-01 04:00:00",10661,-2.894197,0.0003902,0,180,13.42825,-2.894617,2.894617,-2894.617,13.43671,0,0
"2026-05-01 04:06:00",10662,-2.897519,0.0005158,0,180,13.42825,-2.898235,2.898235,-2898.235,13.43671,0,0
"2026-05-01 04:12:00",10663,-2.899668,0.0002524,0,180,12.99699,-2.899888,2.899888,-2899.888,13.01391,0,0
"2026-05-01 04:18:00",10664,-2.901885,0.0004624,0,180,13.43671,-2.902577,2.902577,-2902.577,13.43671,0,0
"2026-05-01 04:24:00",10665,-2.905595,0.0005381,0,180,12.99699,-2.906415,2.906415,-2906.415,13.01391,0,0
"2026-05-01 04:30:00",10666,-2.907552,0.0001518,0,180,13.42825,-2.908009,2.908009,-2908.009,13.43671,0,0
"2026-05-01 04:36:00",10667,-2.910678,0.0004596,0,180,12.99699,-2.911622,2.911622,-2911.622,13.00545,0,0
"2026-05-01 04:42:00",10668,-2.911821,0.0001472,0,180,13.42825,-2.911609,2.911609,-2911.609,13.43671,0,0
"2026-05-01 04:48:00",10669,-2.911973,0.0001278,0,180,13.42825,-2.912071,2.912071,-2912.071,13.43671,0,0
"2026-05-01 04:54:00",10670,-2.912812,0.0004578,0,180,13.42825,-2.913684,2.913684,-2913.684,13.43671,0,0
"2026-05-01 05:00:00",10671,-2.915363,0.0001789,0,180,13.42825,-2.915787,2.915787,-2915.787,13.42825,0,0
"2026-05-01 05:06:00",10672,-2.916808,0.0002391,0,180,13.42825,-2.917126,2.917126,-2917.126,13.42825,0,0
"2026-05-01 05:12:00",10673,-2.919118,0.0001331,4,176,12.98854,-2.919219,2.919219,-2919.219,12.98854,0,0
"2026-05-01 05:18:00",10674,-2.92075,0.0004608,0,180,13.4198,-2.921759,2.921759,-2921.759,13.42825,0,0
"2026-05-01 05:24:00",10675,-2.923626,0.0008482,0,180,12.98008,-2.925211,2.925211,-2925.211,12.99699,0,0
"2026-05-01 05:30:00",10676,-2.929387,0.0004915,0,180,13.0731,-2.929981,2.929981,-2929.981,13.4198,0,0
"2026-05-01 05:36:00",10677,-2.931988,0.0006648,0,180,13.4198,-2.933313,2.933313,-2933.313,13.4198,0,0
"2026-05-01 05:42:00",10678,-2.938204,0.0012219,0,180,13.4198,-2.940182,2.940182,-2940.182,13.42825,0,0
"2026-05-01 05:48:00",10679,-2.945187,0.0011524,0,180,13.41134,-2.946907,2.946907,-2946.907,13.4198,0,0
"2026-05-01 05:54:00",10680,-2.950609,0.0005369,0,180,12.99699,-2.951816,2.951816,-2951.816,13.4198,0,0
"2026-05-01 06:00:00",10681,-2.957926,0.0010914,0,180,13.41134,-2.960064,2.960064,-2960.064,13.42825,0,0
"2026-05-01 06:06:00",10682,-2.963344,0.0007825,0,180,12.98854,-2.964518,2.964518,-2964.518,13.42825,0,0
"2026-05-01 06:12:00",10683,-2.971025,0.001002,0,180,13.4198,-2.972943,2.972943,-2972.943,13.4198,0,0
"2026-05-01 06:18:00",10684,-2.976584,0.000763,0,180,12.98008,-2.977946,2.977946,-2977.946,13.42825,0,0
"2026-05-01 06:24:00",10685,-2.982383,0.0007255,0,180,13.4198,-2.983505,2.983505,-2983.505,13.43671,0,0
"2026-05-01 06:30:00",10686,-2.987803,0.0010754,0,180,12.99699,-2.989847,2.989847,-2989.847,13.43671,0,0
"2026-05-01 06:36:00",10687,-2.993531,0.0004747,0,180,13.42825,-2.9942,2.9942,-2994.2,13.43671,0,0
"2026-05-01 06:42:00",10688,-2.999461,0.000862,0,180,12.99699,-3.001332,3.001332,-3001.332,13.43671,0,0
"2026-05-01 06:48:00",10689,-3.004291,0.0006154,0,180,12.99699,-3.005359,3.005359,-3005.359,13.44517,0,0
"2026-05-01 06:54:00",10690,-3.009771,0.0003688,2,178,12.99699,-3.01041,3.01041,-3010.41,13.43671,0,0
"2026-05-01 07:00:00",10691,-3.013294,0.0009108,0,180,13.42825,-3.015705,3.015705,-3015.705,13.43671,0,0
"2026-05-01 07:06:00",10692,-3.019952,0.0006536,0,180,13.42825,-3.020975,3.020975,-3020.975,13.43671,0,0
"2026-05-01 07:12:00",10693,-3.024845,0.0010383,0,180,12.99699,-3.026361,3.026361,-3026.361,13.43671,0,0
"2026-05-01 07:18:00",10694,-3.029773,0.0007793,0,180,13.43671,-3.031462,3.031462,-3031.462,13.43671,0,0
"2026-05-01 07:24:00",10695,-3.039146,0.001456,0,180,13.43671,-3.04147,3.04147,-3041.47,13.44517,0,0
"2026-05-01 07:30:00",10696,-3.046439,0.0016093,0,180,13.43671,-3.04758,3.04758,-3047.58,13.43671,0,0
"2026-05-01 07:36:00",10697,-3.057858,0.0018757,0,180,13.42825,-3.060554,3.060554,-3060.554,13.44517,0,0
"2026-05-01 07:42:00",10698,-3.065665,0.0007565,0,180,13.43671,-3.066614,3.066614,-3066.614,13.43671,0,0
"2026-05-01 07:48:00",10699,-3.074209,0.0015399,0,180,13.43671,-3.075686,3.075686,-3075.686,13.43671,0,0
"2026-05-01 07:54:00",10700,-3.08176,0.0015557,0,180,13.43671,-3.085216,3.085216,-3085.216,13.44517,0,0
"2026-05-01 08:00:00",10701,-3.090782,0.0009444,0,180,13.42825,-3.092047,3.092047,-3092.047,13.44517,0,0
"2026-05-01 08:06:00",10702,-3.097879,0.0012412,0,180,13.43671,-3.099793,3.099793,-3099.793,13.44517,0,0
"2026-05-01 08:12:00",10703,-3.10471,0.0008128,0,180,13.42825,-3.106058,3.106058,-3106.058,13.43671,0,0
"2026-05-01 08:18:00",10704,-3.111154,0.0007754,0,180,13.43671,-3.112576,3.112576,-3112.576,13.43671,0,0
"2026-05-01 08:24:00",10705,-3.122454,0.0017479,0,180,13.42825,-3.123567,3.123567,-3123.567,13.44517,0,0
"2026-05-01 08:30:00",10706,-3.122383,0.0002086,3,177,13.43671,-3.122483,3.122483,-3122.483,13.44517,0,0
"2026-05-01 08:36:00",10707,-3.128055,0.0024154,0,180,13.43671,-3.129346,3.129346,-3129.346,13.43671,0,0
"2026-05-01 08:42:00",10708,-3.13346,0.0007178,0,180,13.43671,-3.134927,3.134927,-3134.927,13.44517,0,0
"2026-05-01 08:48:00",10709,-3.139906,0.0008964,0,180,13.43671,-3.140546,3.140546,-3140.546,13.44517,0,0
"2026-05-01 08:54:00",10710,-3.143806,0.0018575,0,180,13.43671,-3.147553,3.147553,-3147.553,13.43671,0,0
"2026-05-01 09:00:00",10711,-3.150465,0.0012952,0,180,13.43671,-3.148437,3.148437,-3148.437,13.44517,0,0
"2026-05-01 09:06:00",10712,-3.150717,0.0012447,0,180,13.43671,-3.151764,3.151764,-3151.764,13.45362,0,0
"2026-05-01 09:12:00",10713,-3.153173,0.0012454,0,180,13.43671,-3.15585,3.15585,-3155.85,13.44517,0,0
"2026-05-01 09:18:00",10714,-3.15646,0.0020798,0,180,13.43671,-3.162752,3.162752,-3162.752,13.45362,0,0
"2026-05-01 09:24:00",10715,-3.164144,0.0013273,0,180,13.44517,-3.1649,3.1649,-3164.9,13.44517,0,0
"2026-05-01 09:30:00",10716,-3.169781,0.0021021,0,180,13.43671,-3.173858,3.173858,-3173.858,13.44517,0,0
"2026-05-01 09:36:00",10717,-3.173129,0.0013753,0,180,13.44517,-3.174,3.174,-3174,13.44517,0,0
"2026-05-01 09:42:00",10718,-3.18025,0.0005363,0,180,13.43671,-3.181047,3.181047,-3181.047,13.45362,0,0
"2026-05-01 09:48:00",10719,-3.186527,0.0015573,0,180,13.42825,-3.191184,3.191184,-3191.184,13.44517,0,0
"2026-05-01 09:54:00",10720,-3.190837,0.0015752,0,180,13.44517,-3.190228,3.190228,-3190.228,13.44517,0,0
"2026-05-01 10:00:00",10721,9999999,0,0,0,13.43671,-3.198383,3.198383,-3198.383,13.45362,0,0
"2026-05-01 10:06:00",10722,-3.199439,0.0012333,0,180,13.43671,-3.199987,3.199987,-3199.987,13.45362,0,0
"2026-05-01 10:12:00",10723,-3.203058,0.0019097,0,180,13.43671,-3.201817,3.201817,-3201.817,13.44517,0,0
"2026-05-01 10:18:00",10724,-3.203968,0.0012288,0,180,13.43671,-3.20409,3.20409,-3204.09,13.44517,0,0
"2026-05-01 10:24:00",10725,-3.206248,0.0009173,0,180,13.43671,-3.205133,3.205133,-3205.133,13.45362,0,0
"2026-05-01 10:30:00",10726,-3.212202,0.0012284,0,180,13.44517,-3.211302,3.211302,-3211.302,13.44517,0,0
"2026-05-01 10:36:00",10727,-3.212892,0.0012285,0,180,13.43671,-3.214303,3.214303,-3214.303,13.44517,0,0
"2026-05-01 10:42:00",10728,-3.213831,0.0008413,0,180,13.43671,-3.212645,3.212645,-3212.645,13.45362,0,0
"2026-05-01 10:48:00",10729,-3.216657,0.0012631,0,180,13.43671,-3.215748,3.215748,-3215.748,13.44517,0,0
"2026-05-01 10:54:00",10730,-3.216052,0.0013049,0,180,13.44517,-3.216579,3.216579,-3216.579,13.45362,0,0
"2026-05-01 11:00:00",10731,-3.216852,0.0019621,0,180,13.43671,-3.219681,3.219681,-3219.681,13.45362,0,0
"2026-05-01 11:06:00",10732,-3.217449,0.0010545,0,180,13.44517,-3.215953,3.215953,-3215.953,13.45362,0,0
"2026-05-01 11:12:00",10733,-3.216767,0.0022306,0,180,13.44517,-3.216115,3.216115,-3216.115,13.45362,0,0
"2026-05-01 11:18:00",10734,-3.21573,0.0008948,0,180,13.44517,-3.214692,3.214692,-3214.692,13.44517,0,0
"2026-05-01 11:24:00",10735,-3.213092,0.0019492,0,180,13.43671,-3.214509,3.214509,-3214.509,13.44517,0,0
"2026-05-01 11:30:00",10736,-3.208402,0.0008496,0,180,13.43671,-3.209246,3.209246,-3209.246,13.44517,0,0
"2026-05-01 11:36:00",10737,-3.205555,0.0011684,0,180,13.44517,-3.203935,3.203935,-3203.935,13.45362,0,0
"2026-05-01 11:42:00",10738,-3.199502,0.0017398,0,180,13.43671,-3.198365,3.198365,-3198.365,13.45362,0,0
"2026-05-01 11:48:00",10739,-3.194552,0.0016513,0,180,13.43671,-3.195088,3.195088,-3195.088,13.44517,0,0
"2026-05-01 11:54:00",10740,-3.189292,0.0020872,0,180,13.44517,-3.184824,3.184824,-3184.824,13.44517,0,0
"2026-05-01 12:00:00",10741,-3.182589,0.001464,0,180,13.44517,-3.181626,3.181626,-3181.626,13.45362,0,0
"2026-05-01 12:06:00",10742,-3.177321,0.0018724,0,180,13.44517,-3.174386,3.174386,-3174.386,13.44517,0,0
"2026-05-01 12:12:00",10743,-3.171341,0.0022235,0,180,13.43671,-3.17113,3.17113,-3171.13,13.45362,0,0
"2026-05-01 12:18:00",10744,-3.165114,0.0023358,0,180,13.43671,-3.160911,3.160911,-3160.911,13.44517,0,0
"2026-05-01 12:24:00",10745,-3.159273,0.0019646,0,180,13.43671,-3.160726,3.160726,-3160.726,13.45362,0,0
"2026-05-01 12:30:00",10746,-3.153335,0.0017245,0,180,13.44517,-3.151705,3.151705,-3151.705,13.45362,0,0
"2026-05-01 12:36:00",10747,-3.145079,0.0013116,0,180,13.44517,-3.145401,3.145401,-3145.401,13.45362,0,0
"2026-05-01 12:42:00",10748,-3.142724,0.0019396,0,180,13.44517,-3.14006,3.14006,-3140.06,13.44517,0,0
"2026-05-01 12:48:00",10749,-3.143408,0.0014869,0,180,13.44517,-3.142909,3.142909,-3142.909,13.44517,0,0
"2026-05-01 12:54:00",10750,-3.139028,0.0016231,0,180,13.43671,-3.138643,3.138643,-3138.643,13.44517,0,0
"2026-05-01 13:00:00",10751,-3.136199,0.0026419,0,180,13.43671,-3.135546,3.135546,-3135.546,13.43671,0,0
"2026-05-01 13:06:00",10752,-3.130672,0.0023391,0,180,13.43671,-3.133049,3.133049,-3133.049,13.43671,0,0
"2026-05-01 13:12:00",10753,-3.128131,0.0011463,0,180,13.42825,-3.129503,3.129503,-3129.503,13.43671,0,0
"2026-05-01 13:18:00",10754,-3.125452,0.0024399,0,180,13.42825,-3.122808,3.122808,-3122.808,13.43671,0,0
"2026-05-01 13:24:00",10755,-3.115605,0.001679,0,180,13.42825,-3.113882,3.113882,-3113.882,13.43671,0,0
"2026-05-01 13:30:00",10756,-3.107844,0.0023661,0,180,13.42825,-3.105384,3.105384,-3105.384,13.43671,0,0
"2026-05-01 13:36:00",10757,-3.099357,0.001894,0,180,13.42825,-3.095768,3.095768,-3095.768,13.43671,0,0
"2026-05-01 13:42:00",10758,-3.091731,0.0015662,0,180,13.42825,-3.090764,3.090764,-3090.764,13.43671,0,0
"2026-05-01 13:48:00",10759,-3.085187,0.0020798,0,180,13.4198,-3.079978,3.079978,-3079.978,13.44517,0,0
"2026-05-01 13:54:00",10760,-3.073636,0.0014608,0,180,13.42825,-3.073103,3.073103,-3073.103,13.44517,0,0
"2026-05-01 14:00:00",10761,-3.063706,0.0015871,0,180,13.42825,-3.063721,3.063721,-3063.721,13.44517,0,0
"2026-05-01 14:06:00",10762,-3.057313,0.0011415,0,180,13.43671,-3.054842,3.054842,-3054.842,13.45362,0,0
"2026-05-01 14:12:00",10763,-3.049455,0.0012378,0,180,13.43671,-3.049217,3.049217,-3049.217,13.44517,0,0
"2026-05-01 14:18:00",10764,-3.045313,0.0018821,0,180,13.43671,-3.043242,3.043242,-3043.242,13.45362,0,0
"2026-05-01 14:24:00",10765,-3.037519,0.000736,3,177,13.43671,-3.036265,3.036265,-3036.265,13.45362,0,0
"2026-05-01 14:30:00",10766,-3.029501,0.0018981,0,180,13.43671,-3.02989,3.02989,-3029.89,13.45362,0,0
"2026-05-01 14:36:00",10767,-3.028611,0.0020034,0,180,13.44517,-3.026282,3.026282,-3026.282,13.45362,0,0
"2026-05-01 14:42:00",10768,-3.021915,0.0015826,0,180,13.43671,-3.019892,3.019892,-3019.892,13.45362,0,0
"2026-05-01 14:48:00",10769,-3.017212,0.001893,0,180,13.43671,-3.022734,3.022734,-3022.734,13.45362,0,0
"2026-05-01 14:54:00",10770,-3.014574,0.0012614,0,180,13.45362,-3.016942,3.016942,-3016.942,13.44517,0,0
"2026-05-01 15:00:00",10771,-3.009586,0.0014564,0,180,13.44517,-3.009299,3.009299,-3009.299,13.45362,0,0
"2026-05-01 15:06:00",10772,-3.002206,0.0023241,0,180,13.44517,-3.000562,3.000562,-3000.562,13.44517,0,0
"2026-05-01 15:12:00",10773,-2.998417,0.0018071,0,180,13.44517,-2.994293,2.994293,-2994.293,13.45362,0,0
"2026-05-01 15:18:00",10774,-2.988279,0.0014286,0,180,13.44517,-2.987147,2.987147,-2987.147,13.44517,0,0
"2026-05-01 15:24:00",10775,-2.982758,0.0027145,0,180,13.44517,-2.97688,2.97688,-2976.88,13.44517,0,0
"2026-05-01 15:30:00",10776,-2.974303,0.0028129,0,180,13.44517,-2.96941,2.96941,-2969.41,13.45362,0,0
"2026-05-01 15:36:00",10777,-2.965699,0.0016483,0,180,13.44517,-2.963014,2.963014,-2963.014,13.45362,0,0
"2026-05-01 15:42:00",10778,-2.961562,0.0017186,0,180,13.44517,-2.961471,2.961471,-2961.471,13.44517,0,0
"2026-05-01 15:48:00",10779,-2.959217,0.002209,0,180,13.45362,-2.961167,2.961167,-2961.167,13.45362,0,0
"2026-05-01 15:54:00",10780,-2.954013,0.0026265,0,180,13.45362,-2.951877,2.951877,-2951.877,13.45362,0,0
"2026-05-01 16:00:00",10781,-2.951284,0.0018852,0,180,13.44517,-2.953211,2.953211,-2953.211,13.44517,0,0
"2026-05-01 16:06:00",10782,-2.952404,0.0024428,0,180,13.44517,-2.949406,2.949406,-2949.406,13.44517,0,0
"2026-05-01 16:12:00",10783,-2.950747,0.0024098,0,180,13.44517,-2.951545,2.951545,-2951.545,13.45362,0,0
"2026-05-01 16:18:00",10784,-2.953069,0.0025652,0,180,13.43671,-2.955103,2.955103,-2955.103,13.45362,0,0
"2026-05-01 16:24:00",10785,-2.953615,0.0007908,0,180,13.45362,-2.953534,2.953534,-2953.534,13.45362,0,0
"2026-05-01 16:30:00",10786,-2.954956,0.0014832,0,180,13.44517,-2.956946,2.956946,-2956.946,13.44517,0,0
"2026-05-01 16:36:00",10787,-2.957163,0.0012774,0,180,13.44517,-2.957606,2.957606,-2957.606,13.45362,0,0
"2026-05-01 16:42:00",10788,-2.962909,0.0020146,0,180,13.44517,-2.967471,2.967471,-2967.471,13.45362,0,0
"2026-05-01 16:48:00",10789,-2.966373,0.0014802,0,180,13.44517,-2.968181,2.968181,-2968.181,13.44517,0,0
"2026-05-01 16:54:00",10790,-2.966569,0.0026036,0,180,13.43671,-2.968942,2.968942,-2968.942,13.45362,0,0
"2026-05-01 17:00:00",10791,-2.968124,0.0018885,0,180,13.44517,-2.969227,2.969227,-2969.227,13.44517,0,0
"2026-05-01 17:06:00",10792,-2.969739,0.0020403,0,180,13.44517,-2.970319,2.970319,-2970.319,13.45362,0,0
"2026-05-01 17:12:00",10793,-2.965127,0.0023875,0,180,13.44517,-2.964875,2.964875,-2964.875,13.45362,0,0
"2026-05-01 17:18:00",10794,-2.964398,0.0018425,0,180,13.43671,-2.962477,2.962477,-2962.477,13.45362,0,0
"2026-05-01 17:24:00",10795,-2.963021,0.0010583,7,173,13.44517,-2.961844,2.961844,-2961.844,13.45362,0,0
"2026-05-01 17:30:00",10796,-2.96052,0.0017306,0,180,13.43671,-2.962022,2.962022,-2962.022,13.45362,0,0
"2026-05-01 17:36:00",10797,-2.961214,0.0031911,0,180,13.44517,-2.964847,2.964847,-2964.847,13.45362,0,0
"2026-05-01 17:42:00",10798,-2.962786,0.0015945,0,180,13.44517,-2.960663,2.960663,-2960.663,13.44517,0,0
"2026-05-01 17:48:00",10799,-2.963648,0.0012916,0,180,13.44517,-2.963634,2.963634,-2963.634,13.45362,0,0
"2026-05-01 17:54:00",10800,-2.966467,0.002083,0,180,13.44517,-2.970677,2.970677,-2970.677,13.45362,0,0
"2026-05-01 18:00:00",10801,-2.972012,0.0022969,0,180,13.44517,-2.972897,2.972897,-2972.897,13.45362,0,0
"2026-05-01 18:06:00",10802,-2.97683,0.0024598,0,180,13.43671,-2.980122,2.980122,-2980.122,13.44517,0,0
"2026-05-01 18:12:00",10803,-2.986446,0.001713,0,180,13.43671,-2.986885,2.986885,-2986.885,13.45362,0,0
"2026-05-01 18:18:00",10804,-2.990973,0.0022449,0,180,13.43671,-2.990193,2.990193,-2990.193,13.45362,0,0
"2026-05-01 18:24:00",10805,-2.997402,0.0029242,0,180,13.43671,-3.00096,3.00096,-3000.96,13.44517,0,0
"2026-05-01 18:30:00",10806,-3.003013,0.0020137,0,180,13.44517,-3.002502,3.002502,-3002.502,13.45362,0,0
"2026-05-01 18:36:00",10807,-3.00807,0.0016639,0,180,13.44517,-3.00871,3.00871,-3008.71,13.00545,0,0
"2026-05-01 18:42:00",10808,-3.011562,0.0013931,0,180,13.43671,-3.015411,3.015411,-3015.411,13.45362,0,0
"2026-05-01 18:48:00",10809,-3.017753,0.0009096,0,180,13.44517,-3.018627,3.018627,-3018.627,13.44517,0,0
"2026-05-01 18:54:00",10810,-3.023136,0.001378,0,180,13.43671,-3.022519,3.022519,-3022.519,13.45362,0,0
"2026-05-01 19:00:00",10811,-3.029364,0.0023312,0,180,13.44517,-3.033013,3.033013,-3033.013,13.44517,0,0
"2026-05-01 19:06:00",10812,-3.031225,0.0016905,0,180,13.44517,-3.0305,3.0305,-3030.5,13.01391,0,0
"2026-05-01 19:12:00",10813,-3.031025,0.0008491,0,180,13.44517,-3.03141,3.03141,-3031.41,13.45362,0,0
"2026-05-01 19:18:00",10814,-3.031368,0.0018642,0,180,13.44517,-3.026346,3.026346,-3026.346,13.45362,0,0
"2026-05-01 19:24:00",10815,-3.026964,0.0016329,0,180,13.44517,-3.025312,3.025312,-3025.312,13.45362,0,0
"2026-05-01 19:30:00",10816,-3.027599,0.0015414,0,180,13.44517,-3.024659,3.024659,-3024.659,13.44517,0,0
"2026-05-01 19:36:00",10817,-3.023629,0.0018241,0,180,13.43671,-3.021514,3.021514,-3021.514,13.45362,0,0
"2026-05-01 19:42:00",10818,-3.026706,0.0019985,0,180,13.44517,-3.028591,3.028591,-3028.591,13.44517,0,0
"2026-05-01 19:48:00",10819,-3.032554,0.0019075,0,180,13.44517,-3.031653,3.031653,-3031.653,13.44517,0,0
"2026-05-01 19:54:00",10820,-3.035954,0.0017183,0,180,13.44517,-3.037912,3.037912,-3037.912,13.45362,0,0
"2026-05-01 20:00:00",10821,-3.0461,0.002205,0,180,13.43671,-3.048622,3.048622,-3048.622,13.44517,0,0
"2026-05-01 20:06:00",10822,-3.055845,0.0013307,0,180,13.43671,-3.05614,3.05614,-3056.14,13.44517,0,0
"2026-05-01 20:12:00",10823,-3.065789,0.0020424,0,180,13.43671,-3.069143,3.069143,-3069.143,13.45362,0,0
"2026-05-01 20:18:00",10824,-3.072238,0.0020911,0,180,13.43671,-3.072943,3.072943,-3072.943,13.45362,0,0
"2026-05-01 20:24:00",10825,-3.079604,0.0017108,0,180,13.44517,-3.080943,3.080943,-3080.943,13.44517,0,0
"2026-05-01 20:30:00",10826,-3.082652,0.0017342,0,180,13.43671,-3.083002,3.083002,-3083.002,13.44517,0,0
"2026-05-01 20:36:00",10827,-3.083197,0.0027213,0,180,13.43671,-3.085007,3.085007,-3085.007,13.42825,0,0
"2026-05-01 20:42:00",10828,-3.082601,0.0013596,0,180,13.43671,-3.085064,3.085064,-3085.064,13.42825,0,0
"2026-05-01 20:48:00",10829,-3.078195,0.0026191,0,180,13.42825,-3.077501,3.077501,-3077.501,13.42825,0,0
"2026-05-01 20:54:00",10830,-3.070881,0.0019232,0,180,13.42825,-3.06985,3.06985,-3069.85,13.42825,0,0
"2026-05-01 21:00:00",10831,-3.064808,0.0020002,0,180,13.42825,-3.063571,3.063571,-3063.571,13.42825,0,0
"2026-05-01 21:06:00",10832,-3.053894,0.0021228,0,180,13.42825,-3.052262,3.052262,-3052.262,13.42825,0,0
"2026-05-01 21:12:00",10833,-3.047481,0.0031819,0,180,13.42825,-3.049378,3.049378,-3049.378,13.42825,0,0
"2026-05-01 21:18:00",10834,-3.038316,0.0017075,0,180,13.4198,-3.038127,3.038127,-3038.127,13.42825,0,0
"2026-05-01 21:24:00",10835,-3.031162,0.0019821,0,180,13.41134,-3.030064,3.030064,-3030.064,13.43671,0,0
"2026-05-01 21:30:00",10836,-3.029696,0.001308,0,180,13.4198,-3.029126,3.029126,-3029.126,13.4198,0,0
"2026-05-01 21:36:00",10837,-3.02973,0.0012365,0,180,13.4198,-3.028896,3.028896,-3028.896,13.43671,0,0
"2026-05-01 21:42:00",10838,-3.031714,0.0021774,0,180,13.42825,-3.030018,3.030018,-3030.018,13.43671,0,0
"2026-05-01 21:48:00",10839,-3.036221,0.0027615,0,180,13.42825,-3.036084,3.036084,-3036.084,13.43671,0,0
"2026-05-01 21:54:00",10840,-3.046699,0.0016395,0,180,13.43671,-3.046098,3.046098,-3046.098,13.44517,0,0
"2026-05-01 22:00:00",10841,-3.05642,0.0031288,0,180,13.42825,-3.058312,3.058312,-3058.312,13.45362,0,0
"2026-05-01 22:06:00",10842,-3.066578,0.0021761,0,180,13.42825,-3.071412,3.071412,-3071.412,13.43671,0,0
"2026-05-01 22:12:00",10843,-3.078232,0.0021838,0,180,13.44517,-3.077847,3.077847,-3077.847,13.34369,0,0
"2026-05-01 22:18:00",10844,-3.085161,0.0018787,0,180,13.44517,-3.086314,3.086314,-3086.314,13.44517,0,0
"2026-05-01 22:24:00",10845,-3.09372,0.0018698,0,180,13.43671,-3.09528,3.09528,-3095.28,13.36906,0,0
"2026-05-01 22:30:00",10846,-3.093089,0.0017618,0,180,13.44517,-3.09412,3.09412,-3094.12,13.45362,0,0
"2026-05-01 22:36:00",10847,-3.093378,0.001263,0,180,13.43671,-3.092876,3.092876,-3092.876,13.37752,0,0
"2026-05-01 22:42:00",10848,-3.090368,0.0028341,0,180,13.42825,-3.090071,3.090071,-3090.071,13.44517,0,0
"2026-05-01 22:48:00",10849,-3.083799,0.0022402,0,180,13.42825,-3.08049,3.08049,-3080.49,13.44517,0,0
"2026-05-01 22:54:00",10850,-3.073967,0.0014341,0,180,13.43671,-3.073837,3.073837,-3073.837,13.38597,0,0
"2026-05-01 23:00:00",10851,-3.059256,0.0026025,0,180,13.43671,-3.056042,3.056042,-3056.042,13.44517,0,0
"2026-05-01 23:06:00",10852,-3.048376,0.0030156,0,180,13.43671,-3.043547,3.043547,-3043.547,13.42825,0,0
"2026-05-01 23:12:00",10853,-3.029614,0.0039144,0,180,13.43671,-3.025654,3.025654,-3025.654,13.44517,0,0
"2026-05-01 23:18:00",10854,-3.016186,0.0018663,0,180,13.43671,-3.013229,3.013229,-3013.229,13.42825,0,0
"2026-05-01 23:24:00",10855,-2.998571,0.0031691,0,180,13.43671,-2.993708,2.993708,-2993.708,13.42825,0,0
"2026-05-01 23:30:00",10856,-2.983487,0.0026752,0,180,13.44517,-2.978996,2.978996,-2978.996,13.44517,0,0
"2026-05-01 23:36:00",10857,-2.97173,0.0009295,7,173,13.44517,-2.970869,2.970869,-2970.869,13.43671,0,0
"2026-05-01 23:42:00",10858,-2.963088,0.0017261,0,180,13.44517,-2.959292,2.959292,-2959.292,13.43671,0,0
"2026-05-01 23:48:00",10859,-2.955482,0.001652,0,180,12.99699,-2.953393,2.953393,-2953.393,13.00545,0,0
"2026-05-01 23:54:00",10860,-2.950747,0.0013221,0,180,13.42825,-2.948856,2.948856,-2948.856,13.43671,0,0
"2026-05-02 00:00:00",10861,-2.945507,0.0008067,0,180,13.44517,-2.945085,2.945085,-2945.085,12.99699,0,0
"2026-05-02 00:06:00",10862,-2.946528,0.0004439,0,180,13.42825,-2.945794,2.945794,-2945.794,13.00545,0,0
"2026-05-02 00:12:00",10863,-2.945565,0.0009019,0,180,13.42825,-2.944056,2.944056,-2944.056,13.43671,0,0
"2026-05-02 00:18:00",10864,-2.943723,0.0002812,0,180,13.43671,-2.944111,2.944111,-2944.111,13.44517,0,0
"2026-05-02 00:24:00",10865,-2.943522,0.0005776,0,180,13.42825,-2.942269,2.942269,-2942.269,12.98008,0,0
"2026-05-02 00:30:00",10866,-2.936396,0.0010905,0,180,13.42825,-2.933928,2.933928,-2933.928,13.44517,0,0
"2026-05-02 00:36:00",10867,-2.927643,0.0021721,0,180,13.43671,-2.924042,2.924042,-2924.042,12.98854,0,0
"2026-05-02 00:42:00",10868,-2.911607,0.0018486,0,180,12.99699,-2.908012,2.908012,-2908.012,12.99699,0,0
"2026-05-02 00:48:00",10869,-2.896899,0.0024332,0,180,13.42825,-2.893028,2.893028,-2893.028,13.43671,0,0
"2026-05-02 00:54:00",10870,-2.882848,0.0023786,0,180,12.99699,-2.878789,2.878789,-2878.789,12.99699,0,0
"2026-05-02 01:00:00",10871,-2.864322,0.0023955,0,180,13.42825,-2.859921,2.859921,-2859.921,13.4198,0,0
"2026-05-02 01:06:00",10872,-2.848217,0.0026897,0,180,12.98854,-2.843596,2.843596,-2843.596,12.98854,0,0
"2026-05-02 01:12:00",10873,-2.828471,0.0025488,0,180,13.42825,-2.82359,2.82359,-2823.59,13.43671,0,0
"2026-05-02 01:18:00",10874,-2.813991,0.0016088,0,180,13.43671,-2.811075,2.811075,-2811.075,13.42825,0,0
"2026-05-02 01:24:00",10875,-2.80092,0.0021509,0,180,13.43671,-2.79705,2.79705,-2797.05,13.43671,0,0
"2026-05-02 01:30:00",10876,-2.785112,0.0019357,0,180,13.43671,-2.782087,2.782087,-2782.087,13.43671,0,0
"2026-05-02 01:36:00",10877,-2.77602,0.0012145,0,180,13.44517,-2.77394,2.77394,-2773.94,13.43671,0,0
"2026-05-02 01:42:00",10878,-2.770516,0.0013876,0,180,13.42825,-2.76806,2.76806,-2768.06,13.42825,0,0
"2026-05-02 01:48:00",10879,-2.762031,0.0016106,0,180,13.32678,-2.759614,2.759614,-2759.614,13.42825,0,0
"2026-05-02 01:54:00",10880,-2.755883,0.0008521,0,180,13.42825,-2.754347,2.754347,-2754.347,12.98008,0,0
"2026-05-02 02:00:00",10881,-2.750432,0.0004464,0,180,13.42825,-2.750123,2.750123,-2750.123,13.43671,0,0
"2026-05-02 02:06:00",10882,-2.75028,0.0006301,0,180,13.42825,-2.749234,2.749234,-2749.234,13.4198,0,0
"2026-05-02 02:12:00",10883,-2.747054,0.0004866,0,180,13.42825,-2.746573,2.746573,-2746.573,13.43671,0,0
"2026-05-02 02:18:00",10884,-2.742197,0.0009939,0,180,13.42825,-2.740443,2.740443,-2740.443,13.4198,0,0
"2026-05-02 02:24:00",10885,-2.737057,0.0003582,0,180,13.43671,-2.736549,2.736549,-2736.549,13.42825,0,0
"2026-05-02 02:30:00",10886,-2.732268,0.0012578,0,180,13.4198,-2.730012,2.730012,-2730.012,13.42825,0,0
"2026-05-02 02:36:00",10887,-2.726508,0.0005827,0,180,13.43671,-2.725162,2.725162,-2725.162,12.99699,0,0
"2026-05-02 02:42:00",10888,-2.718239,0.0011376,0,180,13.38597,-2.7164,2.7164,-2716.4,13.42825,0,0
"2026-05-02 02:48:00",10889,-2.710497,0.0009517,0,180,13.4198,-2.708664,2.708664,-2708.664,13.42825,0,0
"2026-05-02 02:54:00",10890,-2.702765,0.0011896,0,180,13.42825,-2.70081,2.70081,-2700.81,13.42825,0,0
"2026-05-02 03:00:00",10891,-2.694854,0.0016557,0,180,13.42825,-2.691914,2.691914,-2691.914,13.4198,0,0
"2026-05-02 03:06:00",10892,-2.682631,0.0014898,0,180,13.42825,-2.679906,2.679906,-2679.906,13.42825,0,0
"2026-05-02 03:12:00",10893,-2.671944,0.0015484,0,180,13.42825,-2.669108,2.669108,-2669.108,13.42825,0,0
"2026-05-02 03:18:00",10894,-2.66444,0.0008778,0,180,13.42825,-2.663252,2.663252,-2663.252,13.42825,0,0
"2026-05-02 03:24:00",10895,-2.657314,0.0010466,0,180,13.42825,-2.655409,2.655409,-2655.409,13.4198,0,0
"2026-05-02 03:30:00",10896,-2.65195,0.0005943,0,180,13.40289,-2.650776,2.650776,-2650.776,13.42825,0,0
"2026-05-02 03:36:00",10897,-2.645638,0.0006619,0,180,13.4198,-2.645071,2.645071,-2645.071,12.99699,0,0
"2026-05-02 03:42:00",10898,-2.644826,0.0001698,0,180,13.4198,-2.644645,2.644645,-2644.645,13.4198,0,0
"2026-05-02 03:48:00",10899,-2.642943,0.0004178,0,180,13.40289,-2.642087,2.642087,-2642.087,13.42825,0,0
"2026-05-02 03:54:00",10900,-2.639378,0.0004478,0,180,13.4198,-2.638696,2.638696,-2638.696,13.42825,0,0
"2026-05-02 04:00:00",10901,-2.64016,0.0003104,0,180,13.42825,-2.640483,2.640483,-2640.483,13.4198,0,0
"2026-05-02 04:06:00",10902,-2.640075,0.000318,0,180,13.4198,-2.640535,2.640535,-2640.535,13.43671,0,0
"2026-05-02 04:12:00",10903,-2.642682,0.0003084,0,180,13.4198,-2.643221,2.643221,-2643.221,13.29296,0,0
"2026-05-02 04:18:00",10904,-2.642515,0.0001433,0,180,13.41134,-2.642498,2.642498,-2642.498,13.42825,0,0
"2026-05-02 04:24:00",10905,-2.642121,0.0003123,0,180,13.4198,-2.642908,2.642908,-2642.908,13.41134,0,0
"2026-05-02 04:30:00",10906,-2.645594,0.0004446,0,180,13.4198,-2.646202,2.646202,-2646.202,13.4198,0,0
"2026-05-02 04:36:00",10907,-2.646169,0.0001421,0,180,13.40289,-2.646395,2.646395,-2646.395,13.4198,0,0
"2026-05-02 04:42:00",10908,-2.647721,0.0003174,0,180,13.41134,-2.648092,2.648092,-2648.092,13.41134,0,0
"2026-05-02 04:48:00",10909,-2.650022,0.0006106,0,180,13.40289,-2.65054,2.65054,-2650.54,13.4198,0,0
"2026-05-02 04:54:00",10910,-2.650895,0.0002294,0,180,13.40289,-2.650719,2.650719,-2650.719,12.98008,0,0
"2026-05-02 05:00:00",10911,-2.650442,0.00011,0,180,13.36906,-2.650528,2.650528,-2650.528,13.31833,0,0
"2026-05-02 05:06:00",10912,-2.650966,0.0004987,0,180,13.37752,-2.652042,2.652042,-2652.042,12.98008,0,0
"2026-05-02 05:12:00",10913,-2.654995,0.0008704,0,180,13.40289,-2.656222,2.656222,-2656.222,13.4198,0,0
"2026-05-02 05:18:00",10914,-2.661064,0.0005406,0,180,13.40289,-2.662107,2.662107,-2662.107,13.4198,0,0
"2026-05-02 05:24:00",10915,-2.664753,0.0009025,0,180,13.41134,-2.666062,2.666062,-2666.062,13.42825,0,0
"2026-05-02 05:30:00",10916,-2.670266,0.0007119,0,180,13.41134,-2.671701,2.671701,-2671.701,13.4198,0,0
"2026-05-02 05:36:00",10917,-2.677294,0.0013783,0,180,13.41134,-2.679441,2.679441,-2679.441,13.4198,0,0
"2026-05-02 05:42:00",10918,-2.6838,0.0011212,0,180,13.42825,-2.685915,2.685915,-2685.915,13.4198,0,0
"2026-05-02 05:48:00",10919,-2.692852,0.0012118,0,180,13.4198,-2.695182,2.695182,-2695.182,12.98008,0,0
"2026-05-02 05:54:00",10920,-2.703032,0.0019358,0,180,13.40289,-2.706354,2.706354,-2706.354,13.42825,0,0
"2026-05-02 06:00:00",10921,-2.715154,0.0015064,0,180,13.41134,-2.717491,2.717491,-2717.491,13.43671,0,0
"2026-05-02 06:06:00",10922,-2.724817,0.0012623,0,180,13.4198,-2.726897,2.726897,-2726.897,13.42825,0,0
"2026-05-02 06:12:00",10923,-2.73223,0.0010079,0,180,13.4198,-2.733869,2.733869,-2733.869,13.4198,0,0
"2026-05-02 06:18:00",10924,-2.740255,0.0009018,0,180,13.4198,-2.741711,2.741711,-2741.711,13.42825,0,0
"2026-05-02 06:24:00",10925,-2.747558,0.0014048,0,180,13.4198,-2.750076,2.750076,-2750.076,13.4198,0,0
"2026-05-02 06:30:00",10926,-2.756002,0.0008561,0,180,13.42825,-2.757805,2.757805,-2757.805,13.43671,0,0
"2026-05-02 06:36:00",10927,-2.762472,0.0011082,0,180,13.41134,-2.764254,2.764254,-2764.254,13.4198,0,0
"2026-05-02 06:42:00",10928,-2.768709,0.0007962,0,180,12.98008,-2.770047,2.770047,-2770.047,12.98854,0,0
"2026-05-02 06:48:00",10929,-2.77578,0.0009202,0,180,13.41134,-2.77742,2.77742,-2777.42,13.42825,0,0
"2026-05-02 06:54:00",10930,-2.779193,0.0004984,0,180,13.4198,-2.779188,2.779188,-2779.188,13.4198,0,0
"2026-05-02 07:00:00",10931,-2.782753,0.000189,0,180,13.42825,-2.782931,2.782931,-2782.931,13.42825,0,0
"2026-05-02 07:06:00",10932,-2.785053,0.000775,0,180,13.4198,-2.786652,2.786652,-2786.652,12.98008,0,0
"2026-05-02 07:12:00",10933,-2.791295,0.0006547,0,180,13.40289,-2.792788,2.792788,-2792.788,13.42825,0,0
"2026-05-02 07:18:00",10934,-2.798414,0.0012355,0,180,13.4198,-2.800542,2.800542,-2800.542,13.4198,0,0
"2026-05-02 07:24:00",10935,-2.806144,0.0011348,0,180,13.4198,-2.808076,2.808076,-2808.076,12.98854,0,0
"2026-05-02 07:30:00",10936,-2.816006,0.0016014,0,180,13.4198,-2.819088,2.819088,-2819.088,13.42825,0,0
"2026-05-02 07:36:00",10937,-2.828157,0.0021862,0,180,13.4198,-2.83145,2.83145,-2831.45,13.42825,0,0
"2026-05-02 07:42:00",10938,-2.842202,0.0027176,0,180,13.4198,-2.845883,2.845883,-2845.883,13.4198,0,0
"2026-05-02 07:48:00",10939,-2.856257,0.0022062,0,180,13.4198,-2.859154,2.859154,-2859.154,13.42825,0,0
"2026-05-02 07:54:00",10940,-2.874637,0.0027602,0,180,13.4198,-2.879099,2.879099,-2879.099,13.4198,0,0
"2026-05-02 08:00:00",10941,-2.885449,0.0014153,0,180,13.4198,-2.887703,2.887703,-2887.703,13.42825,0,0
"2026-05-02 08:06:00",10942,-2.898152,0.0031862,0,180,13.41134,-2.903121,2.903121,-2903.121,13.43671,0,0
"2026-05-02 08:12:00",10943,-2.909813,0.0013776,0,180,13.42825,-2.911871,2.911871,-2911.871,13.42825,0,0
"2026-05-02 08:18:00",10944,-2.921077,0.0025289,0,180,13.42825,-2.924902,2.924902,-2924.902,13.42825,0,0
"2026-05-02 08:24:00",10945,-2.93303,0.0020616,0,180,13.4198,-2.932753,2.932753,-2932.753,13.43671,0,0
"2026-05-02 08:30:00",10946,-2.938553,0.0025279,0,180,13.41134,-2.936466,2.936466,-2936.466,13.43671,0,0
"2026-05-02 08:36:00",10947,-2.940933,0.0010011,0,180,13.4198,-2.942286,2.942286,-2942.286,13.42825,0,0
"2026-05-02 08:42:00",10948,-2.947447,0.001122,0,180,13.42825,-2.950904,2.950904,-2950.904,13.42825,0,0
"2026-05-02 08:48:00",10949,-2.956119,0.0022691,0,180,13.42825,-2.962193,2.962193,-2962.193,13.42825,0,0
"2026-05-02 08:54:00",10950,-2.962633,0.0007623,0,180,13.42825,-2.961274,2.961274,-2961.274,13.4198,0,0
"2026-05-02 09:00:00",10951,-2.964247,0.0008226,0,180,13.4198,-2.965843,2.965843,-2965.843,13.43671,0,0
"2026-05-02 09:06:00",10952,-2.96754,0.0005967,0,180,13.42825,-2.967817,2.967817,-2967.817,13.42825,0,0
"2026-05-02 09:12:00",10953,-2.974032,0.0015631,0,180,13.42825,-2.97648,2.97648,-2976.48,13.43671,0,0
"2026-05-02 09:18:00",10954,-2.977639,0.0017564,0,180,13.42825,-2.980494,2.980494,-2980.494,13.42825,0,0
"2026-05-02 09:24:00",10955,-2.988981,0.0012799,0,180,13.41134,-2.989382,2.989382,-2989.382,13.42825,2,0
"2026-05-02 09:30:00",10956,-2.995927,0.0012157,0,180,13.4198,-2.997937,2.997937,-2997.937,13.44517,0,0
"2026-05-02 09:36:00",10957,-3.008647,0.0031578,0,180,13.4198,-3.011088,3.011088,-3011.088,13.43671,0,0
"2026-05-02 09:42:00",10958,-3.019115,0.0037465,0,180,13.4198,-3.027617,3.027617,-3027.617,13.43671,0,0
"2026-05-02 09:48:00",10959,-3.030105,0.0036449,0,180,13.4198,-3.032568,3.032568,-3032.568,13.43671,0,0
"2026-05-02 09:54:00",10960,-3.04835,0.0014314,0,180,13.4198,-3.050234,3.050234,-3050.234,13.42825,0,0
"2026-05-02 10:00:00",10961,-3.061399,0.0030717,0,180,13.4198,-3.060427,3.060427,-3060.427,13.4198,0,0
"2026-05-02 10:06:00",10962,-3.064024,0.0015898,0,180,13.42825,-3.065968,3.065968,-3065.968,13.42825,0,0
"2026-05-02 10:12:00",10963,-3.075681,0.0036607,0,180,13.4198,-3.078425,3.078425,-3078.425,13.43671,0,0
"2026-05-02 10:18:00",10964,-3.080246,0.0014873,0,180,13.43671,-3.080631,3.080631,-3080.631,13.43671,0,0
"2026-05-02 10:24:00",10965,-3.088738,0.0019162,0,180,13.42825,-3.089936,3.089936,-3089.936,13.43671,0,0
"2026-05-02 10:30:00",10966,-3.094617,0.0012113,0,180,13.42825,-3.094654,3.094654,-3094.654,13.4198,0,0
"2026-05-02 10:36:00",10967,-3.099337,0.0009873,0,180,13.43671,-3.101856,3.101856,-3101.856,13.42825,0,0
"2026-05-02 10:42:00",10968,-3.105787,0.0013973,0,180,13.42825,-3.106602,3.106602,-3106.602,13.43671,0,0
"2026-05-02 10:48:00",10969,-3.103336,0.0006461,0,180,13.42825,-3.103523,3.103523,-3103.523,13.43671,0,0
"2026-05-02 10:54:00",10970,-3.111122,0.0021668,0,180,13.42825,-3.115966,3.115966,-3115.966,13.43671,0,0
"2026-05-02 11:00:00",10971,-3.114056,0.0015986,0,180,13.43671,-3.11297,3.11297,-3112.97,13.43671,0,0
"2026-05-02 11:06:00",10972,-3.123437,0.0014337,0,180,13.43671,-3.123611,3.123611,-3123.611,13.44517,0,0
"2026-05-02 11:12:00",10973,-3.125579,0.0016107,0,180,13.42825,-3.128733,3.128733,-3128.733,13.44517,0,0
"2026-05-02 11:18:00",10974,-3.136683,0.0016275,0,180,13.42825,-3.135178,3.135178,-3135.178,13.43671,0,0
"2026-05-02 11:24:00",10975,-3.136808,0.0014819,0,180,13.42825,-3.136048,3.136048,-3136.048,13.42825,0,0
"2026-05-02 11:30:00",10976,-3.140942,0.0012834,0,180,13.42825,-3.142931,3.142931,-3142.931,13.43671,0,0
"2026-05-02 11:36:00",10977,-3.149474,0.0012378,0,180,13.42825,-3.153042,3.153042,-3153.042,13.42825,0,0
"2026-05-02 11:42:00",10978,-3.155908,0.0012997,0,180,13.42825,-3.156835,3.156835,-3156.835,13.43671,0,0
"2026-05-02 11:48:00",10979,-3.162315,0.0013682,0,180,13.42825,-3.161594,3.161594,-3161.594,13.43671,0,0
"2026-05-02 11:54:00",10980,-3.161499,0.001042,0,180,13.42825,-3.163037,3.163037,-3163.037,13.43671,0,0
"2026-05-02 12:00:00",10981,-3.168529,0.001759,0,180,13.42825,-3.16738,3.16738,-3167.38,13.43671,0,0
"2026-05-02 12:06:00",10982,-3.169165,0.0011938,0,180,13.42825,-3.167286,3.167286,-3167.286,13.42825,0,0
"2026-05-02 12:12:00",10983,-3.168612,0.0002517,0,180,13.42825,-3.168379,3.168379,-3168.379,13.4198,0,0
"2026-05-02 12:18:00",10984,-3.170149,0.0022554,0,180,13.41134,-3.173182,3.173182,-3173.182,13.4198,0,0
"2026-05-02 12:24:00",10985,-3.172516,0.0008134,0,180,13.41134,-3.172792,3.172792,-3172.792,13.42825,0,0
"2026-05-02 12:30:00",10986,-3.172654,0.0007521,0,180,13.40289,-3.172195,3.172195,-3172.195,13.4198,0,0
"2026-05-02 12:36:00",10987,-3.172972,0.0004196,0,180,13.41134,-3.173847,3.173847,-3173.847,13.42825,0,0
"2026-05-02 12:42:00",10988,-3.177323,0.0007987,0,180,13.4198,-3.177811,3.177811,-3177.811,13.4198,0,0
"2026-05-02 12:48:00",10989,-3.183208,0.0014487,0,180,13.4198,-3.184087,3.184087,-3184.087,13.42825,0,0
"2026-05-02 12:54:00",10990,-3.184376,0.0014515,0,180,13.41134,-3.181927,3.181927,-3181.927,13.42825,0,0
"2026-05-02 13:00:00",10991,-3.185756,0.0016469,0,180,13.41134,-3.183204,3.183204,-3183.204,13.42825,0,0
"2026-05-02 13:06:00",10992,-3.187224,0.0019164,0,180,13.42825,-3.183465,3.183465,-3183.465,13.42825,0,0
"2026-05-02 13:12:00",10993,-3.184863,0.002516,0,180,13.4198,-3.187373,3.187373,-3187.373,13.42825,0,0
"2026-05-02 13:18:00",10994,-3.186942,0.0019743,0,180,13.42825,-3.189359,3.189359,-3189.359,13.43671,0,0
"2026-05-02 13:24:00",10995,-3.188587,0.0025377,0,180,13.43671,-3.190501,3.190501,-3190.501,13.43671,0,0
"2026-05-02 13:30:00",10996,-3.189702,0.0011684,0,180,13.4198,-3.189073,3.189073,-3189.073,13.43671,0,0
"2026-05-02 13:36:00",10997,-3.186969,0.001546,0,180,13.43671,-3.184109,3.184109,-3184.109,13.43671,0,0
"2026-05-02 13:42:00",10998,-3.183178,0.0010896,0,180,13.4198,-3.183484,3.183484,-3183.484,13.43671,0,0
"2026-05-02 13:48:00",10999,-3.189413,0.0020368,0,180,13.41134,-3.189562,3.189562,-3189.562,13.44517,0,0
"2026-05-02 13:54:00",11000,-3.19044,0.0025803,0,180,13.42825,-3.185357,3.185357,-3185.357,13.43671,0,0
"2026-05-02 14:00:00",11001,-3.181603,0.001667,0,180,13.43671,-3.182195,3.182195,-3182.195,13.43671,0,0
"2026-05-02 14:06:00",11002,-3.18112,0.001953,0,180,13.42825,-3.182085,3.182085,-3182.085,13.44517,0,0
"2026-05-02 14:12:00",11003,-3.175962,0.0011702,0,180,13.43671,-3.175774,3.175774,-3175.774,13.42825,0,0
"2026-05-02 14:18:00",11004,-3.173226,0.0015238,0,180,13.43671,-3.172162,3.172162,-3172.162,13.43671,0,0
"2026-05-02 14:24:00",11005,-3.175584,0.0014328,2,178,13.42825,-3.170846,3.170846,-3170.846,13.44517,0,0
"2026-05-02 14:30:00",11006,-3.168389,0.0017214,0,180,13.42825,-3.168431,3.168431,-3168.431,13.44517,0,0
"2026-05-02 14:36:00",11007,-3.163574,0.0008364,0,180,13.42825,-3.162273,3.162273,-3162.273,13.45362,0,0
"2026-05-02 14:42:00",11008,-3.160711,0.0015009,0,180,13.43671,-3.157267,3.157267,-3157.267,13.43671,0,0
"2026-05-02 14:48:00",11009,-3.155325,0.0016191,0,180,13.42825,-3.154733,3.154733,-3154.733,13.44517,0,0
"2026-05-02 14:54:00",11010,-3.150294,0.0013372,0,180,13.43671,-3.14815,3.14815,-3148.15,13.42825,0,0
"2026-05-02 15:00:00",11011,-3.149492,0.0021712,0,180,13.43671,-3.148205,3.148205,-3148.205,13.43671,0,0
"2026-05-02 15:06:00",11012,-3.147957,0.0018836,0,180,13.42825,-3.148389,3.148389,-3148.389,13.44517,0,0
"2026-05-02 15:12:00",11013,-3.144318,0.0023879,0,180,13.43671,-3.139747,3.139747,-3139.747,13.43671,0,0
"2026-05-02 15:18:00",11014,-3.138426,0.0021255,0,180,13.43671,-3.136777,3.136777,-3136.777,13.44517,0,0
"2026-05-02 15:24:00",11015,-3.137509,0.001737,0,180,13.4198,-3.138496,3.138496,-3138.496,13.44517,0,0
"2026-05-02 15:30:00",11016,-3.137643,0.0020273,0,181,13.42825,-3.135016,3.135016,-3135.016,13.43671,0,0
"2026-05-02 15:36:00",11017,-3.135285,0.0007688,0,180,13.42825,-3.134749,3.134749,-3134.749,13.44517,0,0
"2026-05-02 15:42:00",11018,-3.138952,0.0024141,0,180,13.43671,-3.145033,3.145033,-3145.033,13.44517,0,0
"2026-05-02 15:48:00",11019,-3.145619,0.0011914,0,180,13.42825,-3.144031,3.144031,-3144.031,13.42825,0,0
"2026-05-02 15:54:00",11020,-3.143812,0.0014599,0,180,13.44517,-3.145867,3.145867,-3145.867,13.42825,0,0
"2026-05-02 16:00:00",11021,-3.141975,0.00149,0,180,13.43671,-3.140594,3.140594,-3140.594,13.42825,0,0
"2026-05-02 16:06:00",11022,-3.138435,0.0009333,0,180,13.43671,-3.137758,3.137758,-3137.758,13.42825,0,0
"2026-05-02 16:12:00",11023,-3.136986,0.0010274,0,180,13.43671,-3.137888,3.137888,-3137.888,13.44517,0,0
"2026-05-02 16:18:00",11024,-3.138566,0.0006714,0,180,13.42825,-3.138088,3.138088,-3138.088,13.44517,0,0
"2026-05-02 16:24:00",11025,-3.137743,0.0008672,0,180,13.43671,-3.13686,3.13686,-3136.86,13.42825,0,0
"2026-05-02 16:30:00",11026,-3.135958,0.001058,0,180,13.43671,-3.135078,3.135078,-3135.078,13.43671,0,0
"2026-05-02 16:36:00",11027,-3.13291,0.0005262,0,180,13.42825,-3.132658,3.132658,-3132.658,13.43671,0,0
"2026-05-02 16:42:00",11028,-3.130968,0.0004453,3,177,13.42825,-3.131126,3.131126,-3131.126,13.44517,0,0
"2026-05-02 16:48:00",11029,-3.131249,0.0006333,0,180,13.43671,-3.131822,3.131822,-3131.822,13.42825,0,0
"2026-05-02 16:54:00",11030,-3.131243,0.0007841,0,180,13.43671,-3.131112,3.131112,-3131.112,13.43671,0,0
"2026-05-02 17:00:00",11031,-3.128701,0.0001882,4,176,13.42825,-3.128905,3.128905,-3128.905,13.43671,0,0
"2026-05-02 17:06:00",11032,-3.130652,0.0005939,0,180,13.42825,-3.130936,3.130936,-3130.936,13.44517,0,0
"2026-05-02 17:12:00",11033,-3.134521,0.0008382,0,180,13.42825,-3.134694,3.134694,-3134.694,13.43671,0,0
"2026-05-02 17:18:00",11034,-3.13756,0.0010145,0,180,13.43671,-3.139256,3.139256,-3139.256,13.43671,0,0
"2026-05-02 17:24:00",11035,-3.145228,0.0009758,0,180,13.42825,-3.145036,3.145036,-3145.036,13.44517,0,0
"2026-05-02 17:30:00",11036,-3.1462,0.0012958,0,180,13.43671,-3.147244,3.147244,-3147.244,13.44517,0,0
"2026-05-02 17:36:00",11037,-3.152077,0.0008484,0,180,13.43671,-3.152958,3.152958,-3152.958,13.44517,0,0
"2026-05-02 17:42:00",11038,-3.157509,0.000788,0,180,13.43671,-3.158112,3.158112,-3158.112,13.42825,0,0
"2026-05-02 17:48:00",11039,-3.159228,0.000285,0,180,13.42825,-3.15964,3.15964,-3159.64,13.44517,0,0
"2026-05-02 17:54:00",11040,-3.164864,0.0010566,0,180,13.43671,-3.166582,3.166582,-3166.582,13.44517,0,0
"2026-05-02 18:00:00",11041,-3.167264,0.0005109,0,180,13.4198,-3.168104,3.168104,-3168.104,13.43671,0,0
"2026-05-02 18:06:00",11042,-3.172857,0.0012431,0,180,13.4198,-3.174972,3.174972,-3174.972,13.43671,0,0
"2026-05-02 18:12:00",11043,-3.178409,0.0011134,0,180,13.42825,-3.179944,3.179944,-3179.944,13.42825,0,0
"2026-05-02 18:18:00",11044,-3.18405,0.0006977,0,180,13.43671,-3.184358,3.184358,-3184.358,13.44517,0,0
"2026-05-02 18:24:00",11045,-3.186706,0.0007801,0,180,13.42825,-3.187196,3.187196,-3187.196,13.42825,0,0
"2026-05-02 18:30:00",11046,-3.18957,0.0004891,0,180,13.43671,-3.189743,3.189743,-3189.743,13.43671,0,0
"2026-05-02 18:36:00",11047,-3.192628,0.0011153,0,180,13.4198,-3.194127,3.194127,-3194.127,13.43671,0,0
"2026-05-02 18:42:00",11048,-3.197339,0.0005294,0,180,13.42825,-3.198293,3.198293,-3198.293,13.42825,0,0
"2026-05-02 18:48:00",11049,-3.202735,0.0009437,0,180,13.42825,-3.204273,3.204273,-3204.273,13.43671,0,0
"2026-05-02 18:54:00",11050,-3.206544,0.0004535,0,180,13.42825,-3.20721,3.20721,-3207.21,13.43671,0,0
"2026-05-02 19:00:00",11051,-3.210316,0.0006246,0,180,13.42825,-3.211504,3.211504,-3211.504,13.43671,0,0
"2026-05-02 19:06:00",11052,-3.213305,0.000313,0,180,12.97163,-3.214074,3.214074,-3214.074,13.43671,0,0
"2026-05-02 19:12:00",11053,-3.217977,0.0005363,0,180,12.98008,-3.218907,3.218907,-3218.907,13.42825,0,0
"2026-05-02 19:18:00",11054,-3.221842,0.0005159,0,180,12.97163,-3.222596,3.222596,-3222.596,13.44517,0,0
"2026-05-02 19:24:00",11055,-3.227561,0.0003855,0,180,13.4198,-3.227898,3.227898,-3227.898,13.43671,0,0
"2026-05-02 19:30:00",11056,-3.230726,0.0002951,3,177,13.4198,-3.231756,3.231756,-3231.756,13.42825,0,0
"2026-05-02 19:36:00",11057,-3.233536,0.000609,0,180,12.98854,-3.234638,3.234638,-3234.638,13.44517,0,0
"2026-05-02 19:42:00",11058,-3.23996,0.001223,0,180,13.06464,-3.241692,3.241692,-3241.692,13.43671,0,0
"2026-05-02 19:48:00",11059,-3.246582,0.0007526,0,180,13.41134,-3.247235,3.247235,-3247.235,13.03082,0,0
"2026-05-02 19:54:00",11060,-3.253205,0.0013253,0,180,13.25068,-3.255861,3.255861,-3255.861,13.08156,0,0
"2026-05-02 20:00:00",11061,-3.260228,0.0006846,0,180,13.4198,-3.261208,3.261208,-3261.208,13.4198,0,0
"2026-05-02 20:06:00",11062,-3.262986,0.0007777,0,180,13.39443,-3.264067,3.264067,-3264.067,13.4198,0,0
"2026-05-02 20:12:00",11063,-3.269239,0.0013491,0,180,13.41134,-3.27087,3.27087,-3270.87,13.4198,0,0
"2026-05-02 20:18:00",11064,-3.277856,0.0014166,0,180,13.41134,-3.280111,3.280111,-3280.111,13.00545,0,0
"2026-05-02 20:24:00",11065,-3.283983,0.0004714,0,180,13.37752,-3.285164,3.285164,-3285.164,12.98008,0,0
"2026-05-02 20:30:00",11066,-3.290609,0.0015116,0,180,13.40289,-3.293468,3.293468,-3293.468,13.4198,0,0
"2026-05-02 20:36:00",11067,-3.299421,0.0010952,0,180,13.4198,-3.301086,3.301086,-3301.086,13.42825,0,0
"2026-05-02 20:42:00",11068,-3.304458,0.0011155,0,180,13.38597,-3.306429,3.306429,-3306.429,13.44517,0,0
"2026-05-02 20:48:00",11069,-3.31542,0.0015686,0,180,12.98008,-3.318272,3.318272,-3318.272,12.98008,0,0
"2026-05-02 20:54:00",11070,-3.326391,0.0014579,0,180,13.40289,-3.329108,3.329108,-3329.108,13.43671,0,0
"2026-05-02 21:00:00",11071,-3.333249,0.0002833,0,180,13.4198,-3.333834,3.333834,-3333.834,12.98008,0,0
"2026-05-02 21:06:00",11072,-3.338717,0.0014107,0,180,13.4198,-3.341136,3.341136,-3341.136,13.42825,0,0
"2026-05-02 21:12:00",11073,-3.346058,0.0004059,0,180,13.4198,-3.346558,3.346558,-3346.558,13.42825,0,0
"2026-05-02 21:18:00",11074,-3.349741,0.0011625,0,180,13.4198,-3.352009,3.352009,-3352.009,13.42825,0,0
"2026-05-02 21:24:00",11075,-3.356706,0.0006793,0,180,13.42825,-3.358019,3.358019,-3358.019,12.99699,0,0
"2026-05-02 21:30:00",11076,-3.360397,0.0005873,0,180,13.42825,-3.361348,3.361348,-3361.348,13.42825,0,0
"2026-05-02 21:36:00",11077,-3.362075,0.0002105,0,180,13.40289,-3.362634,3.362634,-3362.634,12.98854,0,0
"2026-05-02 21:42:00",11078,-3.366732,0.001196,0,180,13.4198,-3.368563,3.368563,-3368.563,12.98008,0,0
"2026-05-02 21:48:00",11079,-3.368442,0.0005068,0,180,13.42825,-3.366941,3.366941,-3366.941,13.43671,0,0
"2026-05-02 21:54:00",11080,-3.367571,0.0004133,0,180,13.4198,-3.367579,3.367579,-3367.579,12.99699,0,0
"2026-05-02 22:00:00",11081,-3.368958,0.000537,0,180,12.98008,-3.368831,3.368831,-3368.831,12.98008,0,0
"2026-05-02 22:06:00",11082,-3.370343,0.0004563,0,180,13.4198,-3.371156,3.371156,-3371.156,13.44517,0,0
"2026-05-02 22:12:00",11083,-3.369411,0.0004073,0,180,13.4198,-3.369925,3.369925,-3369.925,12.98008,0,0
"2026-05-02 22:18:00",11084,-3.373373,0.0013691,0,180,13.4198,-3.375985,3.375985,-3375.985,13.44517,0,0
"2026-05-02 22:24:00",11085,-3.376174,0.0004721,0,180,12.98008,-3.376609,3.376609,-3376.609,12.98854,0,0
"2026-05-02 22:30:00",11086,-3.379242,0.0008663,0,180,12.98008,-3.380353,3.380353,-3380.353,12.98008,0,0
"2026-05-02 22:36:00",11087,-3.382336,0.0003183,0,180,12.97163,-3.382458,3.382458,-3382.458,12.99699,0,0
"2026-05-02 22:42:00",11088,-3.383727,0.0004095,0,180,12.98008,-3.383028,3.383028,-3383.028,12.99699,0,0
"2026-05-02 22:48:00",11089,-3.377677,0.0010881,0,180,13.42825,-3.377096,3.377096,-3377.096,13.4198,0,0
"2026-05-02 22:54:00",11090,-3.37667,0.0005167,0,180,13.4198,-3.376519,3.376519,-3376.519,13.42825,0,0
"2026-05-02 23:00:00",11091,-3.373572,0.0007345,0,180,12.97163,-3.372649,3.372649,-3372.649,12.98008,0,0
"2026-05-02 23:06:00",11092,-3.371732,0.000423,0,180,13.43671,-3.371321,3.371321,-3371.321,12.99699,0,0
"2026-05-02 23:12:00",11093,-3.37172,0.0005761,0,180,12.98008,-3.371678,3.371678,-3371.678,12.98008,0,0
"2026-05-02 23:18:00",11094,-3.371258,0.0005188,0,180,13.42825,-3.370207,3.370207,-3370.207,12.98008,0,0
"2026-05-02 23:24:00",11095,-3.369515,0.0005041,0,180,13.4198,-3.369838,3.369838,-3369.838,13.43671,0,0
"2026-05-02 23:30:00",11096,-3.369657,0.000544,0,180,12.98008,-3.370103,3.370103,-3370.103,12.98008,0,0
"2026-05-02 23:36:00",11097,-3.366363,0.0007112,0,180,12.98854,-3.365985,3.365985,-3365.985,13.00545,0,0
"2026-05-02 23:42:00",11098,-3.364345,0.000333,0,180,12.98008,-3.364793,3.364793,-3364.793,12.98854,0,0
"2026-05-02 23:48:00",11099,-3.365952,0.0005057,0,180,13.40289,-3.366336,3.366336,-3366.336,13.43671,0,0
"2026-05-02 23:54:00",11100,-3.36731,0.0001989,0,180,13.43671,-3.367182,3.367182,-3367.182,13.43671,0,0
"2026-05-03 00:00:00",11101,-3.3658,0.0002761,0,180,13.4198,-3.366202,3.366202,-3366.202,13.42825,0,0
"2026-05-03 00:06:00",11102,-3.368107,0.0001545,0,180,12.98008,-3.368408,3.368408,-3368.408,12.98008,0,0
"2026-05-03 00:12:00",11103,-3.366492,0.000772,0,180,13.43671,-3.365415,3.365415,-3365.415,13.42825,0,0
"2026-05-03 00:18:00",11104,-3.362383,0.0003839,0,180,13.42825,-3.361535,3.361535,-3361.535,13.4198,0,0
"2026-05-03 00:24:00",11105,-3.35958,0.0005572,0,180,13.40289,-3.358384,3.358384,-3358.384,13.42825,0,0
"2026-05-03 00:30:00",11106,-3.354135,0.0011983,0,180,12.98008,-3.352179,3.352179,-3352.179,12.98008,0,0
"2026-05-03 00:36:00",11107,-3.348108,0.0006771,0,180,12.98854,-3.347169,3.347169,-3347.169,12.98008,0,0
"2026-05-03 00:42:00",11108,-3.341491,0.0013335,0,180,13.42825,-3.339072,3.339072,-3339.072,13.42825,0,0
"2026-05-03 00:48:00",11109,-3.329941,0.0024417,0,180,13.42825,-3.326035,3.326035,-3326.035,12.99699,0,0
"2026-05-03 00:54:00",11110,-3.319495,0.0011964,0,180,13.41134,-3.317224,3.317224,-3317.224,13.43671,0,0
"2026-05-03 01:00:00",11111,-3.311409,0.0010733,0,180,12.96317,-3.308939,3.308939,-3308.939,12.98008,0,0
"2026-05-03 01:06:00",11112,-3.306254,0.0008962,0,180,13.4198,-3.304571,3.304571,-3304.571,13.42825,0,0
"2026-05-03 01:12:00",11113,-3.2972,0.0015901,0,180,12.98008,-3.293963,3.293963,-3293.963,12.98008,0,0
"2026-05-03 01:18:00",11114,-3.287121,0.0008821,0,180,13.41134,-3.285267,3.285267,-3285.267,13.42825,0,0
"2026-05-03 01:24:00",11115,-3.280177,0.0003447,0,180,12.98008,-3.279334,3.279334,-3279.334,12.98008,0,0
"2026-05-03 01:30:00",11116,-3.276473,0.0003681,0,180,13.42825,-3.275809,3.275809,-3275.809,13.42825,0,0
"2026-05-03 01:36:00",11117,-3.272172,0.0002603,0,180,13.43671,-3.272863,3.272863,-3272.863,13.42825,0,0
"2026-05-03 01:42:00",11118,-3.273664,0.0005714,0,180,12.98008,-3.273155,3.273155,-3273.155,12.98008,0,0
"2026-05-03 01:48:00",11119,-3.265163,0.0016193,0,180,12.98008,-3.263608,3.263608,-3263.608,12.98008,0,0
"2026-05-03 01:54:00",11120,-3.259627,0.000568,0,180,12.98008,-3.259192,3.259192,-3259.192,12.98008,0,0
"2026-05-03 02:00:00",11121,-3.257095,0.0003862,0,180,12.98008,-3.257418,3.257418,-3257.418,12.97163,0,0
"2026-05-03 02:06:00",11122,-3.254276,0.001591,0,180,13.4198,-3.251792,3.251792,-3251.792,12.98854,0,0
"2026-05-03 02:12:00",11123,-3.246626,0.0005514,0,180,13.42825,-3.246195,3.246195,-3246.195,13.44517,0,0
"2026-05-03 02:18:00",11124,-3.241779,0.0013103,0,180,13.42825,-3.240525,3.240525,-3240.525,13.44517,0,0
"2026-05-03 02:24:00",11125,-3.233124,0.0011682,0,180,12.98854,-3.231125,3.231125,-3231.125,12.99699,0,0
"2026-05-03 02:30:00",11126,-3.225382,0.0016938,0,180,12.98008,-3.223147,3.223147,-3223.147,12.99699,0,0
"2026-05-03 02:36:00",11127,-3.223674,0.0003389,4,176,13.41134,-3.222359,3.222359,-3222.359,13.42825,0,0
"2026-05-03 02:42:00",11128,-3.214133,0.0015206,0,180,13.4198,-3.211201,3.211201,-3211.201,13.42825,0,0
"2026-05-03 02:48:00",11129,-3.20758,0.0007047,0,180,13.4198,-3.206216,3.206216,-3206.216,12.98008,0,0
"2026-05-03 02:54:00",11130,-3.199085,0.0010827,0,180,12.98854,-3.197256,3.197256,-3197.256,12.99699,0,0
"2026-05-03 03:00:00",11131,-3.192246,0.0011146,0,180,12.98008,-3.18949,3.18949,-3189.49,12.99699,0,0
"2026-05-03 03:06:00",11132,-3.185869,0.0003541,0,180,13.40289,-3.186543,3.186543,-3186.543,13.42825,0,0
"2026-05-03 03:12:00",11133,-3.184436,0.0009419,0,180,12.98854,-3.182625,3.182625,-3182.625,12.98008,0,0
"2026-05-03 03:18:00",11134,-3.175689,0.0007154,0,180,13.4198,-3.174168,3.174168,-3174.168,13.4198,0,0
"2026-05-03 03:24:00",11135,-3.170805,0.0011597,0,180,13.4198,-3.16862,3.16862,-3168.62,13.4198,0,0
"2026-05-03 03:30:00",11136,-3.166585,0.0007258,0,180,13.40289,-3.166309,3.166309,-3166.309,13.30987,0,0
"2026-05-03 03:36:00",11137,-3.158518,0.001935,0,180,13.4198,-3.155372,3.155372,-3155.372,12.98854,0,0
"2026-05-03 03:42:00",11138,-3.154352,0.000307,0,180,13.4198,-3.154912,3.154912,-3154.912,13.42825,0,0
"2026-05-03 03:48:00",11139,-3.149969,0.0008571,0,180,13.4198,-3.147742,3.147742,-3147.742,13.42825,0,0
"2026-05-03 03:54:00",11140,-3.143174,0.0011507,0,180,12.97163,-3.141139,3.141139,-3141.139,12.96317,0,0
"2026-05-03 04:00:00",11141,-3.140238,0.0007264,0,180,12.95471,-3.140417,3.140417,-3140.417,12.96317,0,0
"2026-05-03 04:06:00",11142,-3.140905,0.000685,0,180,12.96317,-3.139396,3.139396,-3139.396,12.97163,0,0
"2026-05-03 04:12:00",11143,-3.135615,0.000471,0,180,13.41134,-3.135484,3.135484,-3135.484,13.37752,0,0
"2026-05-03 04:18:00",11144,-3.13665,0.0009515,0,180,12.96317,-3.135266,3.135266,-3135.266,12.98008,0,0
"2026-05-03 04:24:00",11145,-3.133689,0.0006479,0,180,12.97163,-3.132642,3.132642,-3132.642,12.98008,0,0
"2026-05-03 04:30:00",11146,-3.132369,0.000462,0,180,13.40289,-3.132661,3.132661,-3132.661,13.4198,0,0
"2026-05-03 04:36:00",11147,-3.131344,0.0007142,0,180,12.97163,-3.130851,3.130851,-3130.851,12.98008,0,0
"2026-05-03 04:42:00",11148,-3.128202,0.000745,0,180,13.40289,-3.127838,3.127838,-3127.838,13.42825,0,0
"2026-05-03 04:48:00",11149,-3.12808,0.0009766,0,180,13.4198,-3.129507,3.129507,-3129.507,13.42825,0,0
"2026-05-03 04:54:00",11150,-3.127258,0.0005476,0,180,13.4198,-3.127442,3.127442,-3127.442,13.43671,0,0
"2026-05-03 05:00:00",11151,-3.126704,0.0009497,0,180,12.98008,-3.126784,3.126784,-3126.784,12.99699,0,0
"2026-05-03 05:06:00",11152,-3.12355,0.0009616,0,180,12.97163,-3.122978,3.122978,-3122.978,12.97163,0,0
"2026-05-03 05:12:00",11153,-3.119247,0.0012223,0,180,12.97163,-3.118522,3.118522,-3118.522,12.98008,0,0
"2026-05-03 05:18:00",11154,-3.113401,0.0011801,0,180,13.42825,-3.111817,3.111817,-3111.817,13.44517,0,0
"2026-05-03 05:24:00",11155,-3.107923,0.0010665,0,180,13.4198,-3.105348,3.105348,-3105.348,13.42825,0,0
"2026-05-03 05:30:00",11156,-3.10475,0.0009136,0,180,12.97163,-3.103981,3.103981,-3103.981,12.98008,0,0
"2026-05-03 05:36:00",11157,-3.099018,0.0006879,0,180,12.98008,-3.096926,3.096926,-3096.926,12.98008,0,0
"2026-05-03 05:42:00",11158,-3.098151,0.0008585,0,180,13.41134,-3.099408,3.099408,-3099.408,13.42825,0,0
"2026-05-03 05:48:00",11159,-3.099929,0.0006638,0,180,12.96317,-3.100492,3.100492,-3100.492,12.98854,0,0
"2026-05-03 05:54:00",11160,-3.102727,0.0008483,0,180,13.4198,-3.103791,3.103791,-3103.791,13.42825,0,0
"2026-05-03 06:00:00",11161,-3.106117,0.0006133,0,180,12.97163,-3.105941,3.105941,-3105.941,12.98008,0,0
"2026-05-03 06:06:00",11162,-3.106194,0.0005425,0,180,13.4198,-3.106415,3.106415,-3106.415,13.4198,0,0
"2026-05-03 06:12:00",11163,-3.111557,0.0009216,0,180,12.98854,-3.111654,3.111654,-3111.654,12.99699,0,0
"2026-05-03 06:18:00",11164,-3.1155,0.0010944,0,180,13.42825,-3.116411,3.116411,-3116.411,13.42825,0,0
"2026-05-03 06:24:00",11165,-3.121961,0.0013443,0,180,12.98008,-3.124563,3.124563,-3124.563,12.98008,0,0
"2026-05-03 06:30:00",11166,-3.128615,0.0020658,0,180,13.43671,-3.129879,3.129879,-3129.879,13.44517,0,0
"2026-05-03 06:36:00",11167,-3.133839,0.0018549,0,180,13.42825,-3.135164,3.135164,-3135.164,13.4198,0,0
"2026-05-03 06:42:00",11168,-3.141554,0.0006153,2,178,12.98008,-3.144017,3.144017,-3144.017,12.98854,0,0
"2026-05-03 06:48:00",11169,-3.148733,0.0018104,0,180,12.98008,-3.152349,3.152349,-3152.349,12.98008,0,0
"2026-05-03 06:54:00",11170,-3.158356,0.0016947,0,180,13.42825,-3.160936,3.160936,-3160.936,13.43671,0,0
"2026-05-03 07:00:00",11171,-3.16198,0.0022891,0,180,13.42825,-3.16395,3.16395,-3163.95,13.42825,0,0
"2026-05-03 07:06:00",11172,-3.166584,0.0014463,0,180,13.42825,-3.16491,3.16491,-3164.91,13.4198,0,0
"2026-05-03 07:12:00",11173,-3.172077,0.0017329,0,180,13.43671,-3.176509,3.176509,-3176.509,13.44517,0,0
"2026-05-03 07:18:00",11174,-3.176991,0.0012295,0,180,13.42825,-3.178863,3.178863,-3178.863,13.43671,0,0
"2026-05-03 07:24:00",11175,-3.180782,0.0011203,0,180,12.98854,-3.182246,3.182246,-3182.246,12.99699,0,0
"2026-05-03 07:30:00",11176,-3.183519,0.0008812,0,180,13.4198,-3.1836,3.1836,-3183.6,13.41134,0,0
"2026-05-03 07:36:00",11177,-3.187381,0.0013492,0,180,13.4198,-3.189294,3.189294,-3189.294,13.42825,0,0
"2026-05-03 07:42:00",11178,-3.188555,0.0020049,0,180,13.4198,-3.193654,3.193654,-3193.654,12.98854,0,0
"2026-05-03 07:48:00",11179,-3.18862,0.0024346,0,180,13.42825,-3.190288,3.190288,-3190.288,13.43671,0,0
"2026-05-03 07:54:00",11180,-3.192525,0.0021585,0,180,13.40289,-3.193145,3.193145,-3193.145,12.98008,0,0
"2026-05-03 08:00:00",11181,-3.194433,0.0009591,0,180,13.4198,-3.195176,3.195176,-3195.176,12.98008,0,0
"2026-05-03 08:06:00",11182,-3.198852,0.0029967,0,180,13.42825,-3.200855,3.200855,-3200.855,13.43671,0,0
"2026-05-03 08:12:00",11183,-3.203273,0.0016383,0,180,13.43671,-3.202752,3.202752,-3202.752,13.44517,0,0
"2026-05-03 08:18:00",11184,-3.206531,0.0025044,0,181,12.98008,-3.212355,3.212355,-3212.355,12.99699,0,0
"2026-05-03 08:24:00",11185,-3.21401,0.0032683,0,180,13.4198,-3.21878,3.21878,-3218.78,13.43671,0,0
"2026-05-03 08:30:00",11186,-3.216663,0.0016471,0,180,13.42825,-3.216182,3.216182,-3216.182,13.4198,0,0
"2026-05-03 08:36:00",11187,-3.217486,0.0011904,0,180,13.43671,-3.215638,3.215638,-3215.638,13.43671,0,0
"2026-05-03 08:42:00",11188,-3.224397,0.0013711,0,180,13.4198,-3.224138,3.224138,-3224.138,13.42825,0,0
"2026-05-03 08:48:00",11189,-3.227327,0.0015678,0,180,13.4198,-3.227206,3.227206,-3227.206,13.42825,0,0
"2026-05-03 08:54:00",11190,-3.239168,0.0007531,0,180,13.43671,-3.237604,3.237604,-3237.604,13.44517,0,0
"2026-05-03 09:00:00",11191,-3.247504,0.0025025,0,180,13.4198,-3.250301,3.250301,-3250.301,13.4198,0,0
"2026-05-03 09:06:00",11192,-3.251046,0.0028363,0,180,13.41134,-3.250029,3.250029,-3250.029,13.42825,0,0
"2026-05-03 09:12:00",11193,-3.255009,0.0023898,0,180,13.4198,-3.255116,3.255116,-3255.116,13.42825,0,0
"2026-05-03 09:18:00",11194,-3.266939,0.0012625,0,180,13.42825,-3.267346,3.267346,-3267.346,13.42825,0,0
"2026-05-03 09:24:00",11195,-3.267981,0.0019274,0,180,13.4198,-3.26777,3.26777,-3267.77,13.42825,0,0
"2026-05-03 09:30:00",11196,-3.274841,0.0014574,0,180,13.42825,-3.276509,3.276509,-3276.509,13.42825,0,0
"2026-05-03 09:36:00",11197,-3.279382,0.002714,0,180,12.98008,-3.285666,3.285666,-3285.666,12.98854,0,0
"2026-05-03 09:42:00",11198,-3.285573,0.0025382,0,180,13.42825,-3.28352,3.28352,-3283.52,13.42825,0,0
"2026-05-03 09:48:00",11199,-3.286017,0.0023238,0,180,12.98008,-3.29113,3.29113,-3291.13,12.99699,0,0
"2026-05-03 09:54:00",11200,-3.287623,0.0018174,7,173,13.42825,-3.280388,3.280388,-3280.388,13.4198,0,0
"2026-05-03 10:00:00",11201,-3.287999,0.005485,0,180,13.41134,-3.281191,3.281191,-3281.191,13.43671,0,0
"2026-05-03 10:06:00",11202,-3.287001,0.0031564,0,180,13.42825,-3.29306,3.29306,-3293.06,13.4198,0,0
"2026-05-03 10:12:00",11203,-3.298257,0.0024594,0,180,13.4198,-3.301425,3.301425,-3301.425,13.43671,0,0
"2026-05-03 10:18:00",11204,-3.298754,0.0038854,0,180,13.4198,-3.302891,3.302891,-3302.891,13.43671,0,0
"2026-05-03 10:24:00",11205,-3.311622,0.0012019,0,180,13.4198,-3.310867,3.310867,-3310.867,13.43671,0,0
"2026-05-03 10:30:00",11206,-3.313993,0.003104,0,180,13.4198,-3.315297,3.315297,-3315.297,13.42825,0,0
"2026-05-03 10:36:00",11207,-3.31718,0.0023099,0,180,13.42825,-3.313579,3.313579,-3313.579,13.42825,0,0
"2026-05-03 10:42:00",11208,-3.322546,0.0017234,0,180,13.44517,-3.325022,3.325022,-3325.022,13.44517,0,0
"2026-05-03 10:48:00",11209,-3.334927,0.0016936,0,180,13.42825,-3.335503,3.335503,-3335.503,13.42825,0,0
"2026-05-03 10:54:00",11210,-3.345418,0.0042474,0,180,13.42825,-3.34541,3.34541,-3345.41,13.42825,0,0
"2026-05-03 11:00:00",11211,-3.345684,0.0044474,0,180,13.4198,-3.347511,3.347511,-3347.511,13.43671,0,0
"2026-05-03 11:06:00",11212,-3.357069,0.0035448,0,180,13.43671,-3.356486,3.356486,-3356.486,13.43671,0,0
"2026-05-03 11:12:00",11213,-3.358709,0.0023971,0,180,13.43671,-3.356556,3.356556,-3356.556,13.43671,0,0
"2026-05-03 11:18:00",11214,-3.364536,0.0016132,0,180,13.4198,-3.366759,3.366759,-3366.759,13.40289,0,0
"2026-05-03 11:24:00",11215,-3.361317,0.0012383,0,180,13.41134,-3.360195,3.360195,-3360.195,13.4198,0,0
"2026-05-03 11:30:00",11216,-3.37186,0.002583,0,180,13.40289,-3.376176,3.376176,-3376.176,13.43671,0,0
"2026-05-03 11:36:00",11217,-3.377218,0.0020966,0,180,13.4198,-3.378161,3.378161,-3378.161,13.4198,0,0
"2026-05-03 11:42:00",11218,-3.373773,0.0036252,0,180,13.41134,-3.380443,3.380443,-3380.443,13.41134,0,0
"2026-05-03 11:48:00",11219,-3.371214,0.003034,0,180,13.38597,-3.374638,3.374638,-3374.638,13.41134,0,0
"2026-05-03 11:54:00",11220,-3.378325,0.0041937,0,180,13.4198,-3.380042,3.380042,-3380.042,13.4198,0,0
"2026-05-03 12:00:00",11221,-3.377814,0.0021921,0,180,13.4198,-3.379662,3.379662,-3379.662,13.4198,0,0
"2026-05-03 12:06:00",11222,-3.379405,0.0023855,0,180,13.40289,-3.379945,3.379945,-3379.945,13.42825,0,0
"2026-05-03 12:12:00",11223,-3.382361,0.0019408,0,180,13.42825,-3.379901,3.379901,-3379.901,13.44517,0,0
"2026-05-03 12:18:00",11224,-3.381339,0.0034907,0,180,13.42825,-3.37417,3.37417,-3374.17,13.43671,0,0
"2026-05-03 12:24:00",11225,-3.375733,0.0013974,0,180,13.4198,-3.374285,3.374285,-3374.285,13.43671,0,0
"2026-05-03 12:30:00",11226,-3.384888,0.0034192,0,180,13.4198,-3.382793,3.382793,-3382.793,13.43671,0,0
"2026-05-03 12:36:00",11227,-3.386237,0.0025331,0,180,13.4198,-3.386173,3.386173,-3386.173,13.44517,0,0
"2026-05-03 12:42:00",11228,-3.392664,0.0034689,0,180,13.42825,-3.397217,3.397217,-3397.217,13.42825,0,0
"2026-05-03 12:48:00",11229,-3.386972,0.0028746,0,180,13.4198,-3.388559,3.388559,-3388.559,13.43671,0,0
"2026-05-03 12:54:00",11230,-3.39537,0.0028792,0,180,13.42825,-3.39666,3.39666,-3396.66,13.42825,0,0
"2026-05-03 13:00:00",11231,-3.395634,0.002458,0,180,13.4198,-3.398594,3.398594,-3398.594,13.44517,0,0
"2026-05-03 13:06:00",11232,-3.401129,0.0039733,0,180,13.43671,-3.398137,3.398137,-3398.137,13.44517,0,0
"2026-05-03 13:12:00",11233,-3.398786,0.0026044,0,180,13.43671,-3.40548,3.40548,-3405.48,13.42825,0,0
"2026-05-03 13:18:00",11234,-3.403568,0.001346,0,180,13.42825,-3.403381,3.403381,-3403.381,13.42825,0,0
"2026-05-03 13:24:00",11235,-3.394141,0.0030361,0,180,13.42825,-3.390963,3.390963,-3390.963,13.44517,0,0
"2026-05-03 13:30:00",11236,-3.393986,0.0027565,0,180,13.43671,-3.396052,3.396052,-3396.052,13.44517,0,0
"2026-05-03 13:36:00",11237,-3.400944,0.0042993,0,180,13.42825,-3.402892,3.402892,-3402.892,13.45362,0,0
"2026-05-03 13:42:00",11238,-3.404156,0.0032208,0,180,13.43671,-3.399674,3.399674,-3399.674,13.44517,0,0
"2026-05-03 13:48:00",11239,-3.393663,0.0025192,0,180,13.4198,-3.392313,3.392313,-3392.313,13.43671,0,0
"2026-05-03 13:54:00",11240,-3.394376,0.0015695,0,180,13.4198,-3.391658,3.391658,-3391.658,13.43671,0,0
"2026-05-03 14:00:00",11241,-3.383667,0.0025584,0,180,13.43671,-3.384648,3.384648,-3384.648,13.43671,0,0
"2026-05-03 14:06:00",11242,-3.375959,0.0016736,0,180,13.44517,-3.373776,3.373776,-3373.776,13.45362,0,0
"2026-05-03 14:12:00",11243,-3.368129,0.002625,0,180,13.44517,-3.367627,3.367627,-3367.627,13.45362,0,0
"2026-05-03 14:18:00",11244,-3.366358,0.0026461,0,180,13.43671,-3.370864,3.370864,-3370.864,13.45362,0,0
"2026-05-03 14:24:00",11245,-3.362937,0.0016133,0,180,13.44517,-3.36378,3.36378,-3363.78,13.45362,0,0
"2026-05-03 14:30:00",11246,-3.358618,0.0020832,0,180,13.43671,-3.355675,3.355675,-3355.675,13.45362,0,0
"2026-05-03 14:36:00",11247,-3.338529,0.0023397,0,180,13.4198,-3.337209,3.337209,-3337.209,13.44517,0,0
"2026-05-03 14:42:00",11248,-3.344895,0.0034772,0,180,13.45362,-3.343704,3.343704,-3343.704,13.45362,0,0
"2026-05-03 14:48:00",11249,-3.342388,0.0039731,0,180,13.43671,-3.33871,3.33871,-3338.71,13.43671,0,0
"2026-05-03 14:54:00",11250,-3.336724,0.0030663,0,180,13.44517,-3.334585,3.334585,-3334.585,13.45362,0,0
"2026-05-03 15:00:00",11251,-3.324323,0.0020771,0,180,13.42825,-3.325323,3.325323,-3325.323,13.4198,0,0
"2026-05-03 15:06:00",11252,-3.322946,0.0011274,0,180,13.42825,-3.322722,3.322722,-3322.722,13.43671,0,0
"2026-05-03 15:12:00",11253,-3.325275,0.0022582,0,180,13.43671,-3.325633,3.325633,-3325.633,13.43671,0,0
"2026-05-03 15:18:00",11254,-3.331835,0.0032162,0,180,13.43671,-3.334763,3.334763,-3334.763,13.43671,0,0
"2026-05-03 15:24:00",11255,-3.32727,0.0024559,0,180,13.44517,-3.333583,3.333583,-3333.583,13.44517,0,0
"2026-05-03 15:30:00",11256,-3.324759,0.003032,0,180,13.43671,-3.321133,3.321133,-3321.133,13.43671,0,0
"2026-05-03 15:36:00",11257,-3.325853,0.0029937,0,180,13.42825,-3.325794,3.325794,-3325.794,13.44517,0,0
"2026-05-03 15:42:00",11258,-3.323688,0.002991,0,180,13.42825,-3.320491,3.320491,-3320.491,13.43671,0,0
"2026-05-03 15:48:00",11259,-3.316667,0.0027996,0,180,13.43671,-3.319883,3.319883,-3319.883,13.42825,0,0
"2026-05-03 15:54:00",11260,-3.311015,0.0042819,0,180,13.42825,-3.30777,3.30777,-3307.77,13.44517,0,0
"2026-05-03 16:00:00",11261,-3.302603,0.001929,0,180,13.44517,-3.302583,3.302583,-3302.583,13.45362,0,0
"2026-05-03 16:06:00",11262,-3.296663,0.0026275,0,180,13.42825,-3.288816,3.288816,-3288.816,13.44517,0,0
"2026-05-03 16:12:00",11263,-3.292324,0.0015428,0,180,13.43671,-3.295779,3.295779,-3295.779,13.42825,0,0
"2026-05-03 16:18:00",11264,-3.293452,0.0022972,0,180,13.42825,-3.294329,3.294329,-3294.329,13.43671,0,0
"2026-05-03 16:24:00",11265,-3.287831,0.0018316,0,180,13.4198,-3.289221,3.289221,-3289.221,13.44517,0,0
"2026-05-03 16:30:00",11266,-3.285131,0.0014309,0,180,13.43671,-3.281417,3.281417,-3281.417,13.44517,0,0
"2026-05-03 16:36:00",11267,-3.276517,0.0017887,0,180,13.43671,-3.27349,3.27349,-3273.49,13.43671,0,0
"2026-05-03 16:42:00",11268,-3.269684,0.0029653,0,180,13.42825,-3.265085,3.265085,-3265.085,13.43671,0,0
"2026-05-03 16:48:00",11269,-3.268267,0.001646,0,180,13.44517,-3.266994,3.266994,-3266.994,13.45362,0,0
"2026-05-03 16:54:00",11270,-3.273056,0.0016832,0,180,13.43671,-3.270732,3.270732,-3270.732,13.43671,0,0
"2026-05-03 17:00:00",11271,-3.268215,0.0009172,0,180,13.44517,-3.266662,3.266662,-3266.662,13.42825,0,0
"2026-05-03 17:06:00",11272,-3.264999,0.0013157,0,180,13.44517,-3.265463,3.265463,-3265.463,13.45362,0,0
"2026-05-03 17:12:00",11273,-3.269493,0.001383,0,180,13.43671,-3.270432,3.270432,-3270.432,13.44517,0,0
"2026-05-03 17:18:00",11274,-3.273075,0.0012644,0,180,13.42825,-3.272088,3.272088,-3272.088,13.43671,0,0
"2026-05-03 17:24:00",11275,-3.264486,0.0010537,0,180,13.42825,-3.266516,3.266516,-3266.516,13.44517,0,0
"2026-05-03 17:30:00",11276,-3.269451,0.0020541,0,180,13.42825,-3.26955,3.26955,-3269.55,13.44517,0,0
"2026-05-03 17:36:00",11277,-3.264208,0.0019539,0,180,13.43671,-3.262166,3.262166,-3262.166,13.45362,0,0
"2026-05-03 17:42:00",11278,-3.259835,0.0014074,0,180,13.43671,-3.260968,3.260968,-3260.968,13.45362,0,0
"2026-05-03 17:48:00",11279,-3.258915,0.0013439,0,180,13.42825,-3.260862,3.260862,-3260.862,13.44517,0,0
"2026-05-03 17:54:00",11280,-3.260615,0.0012278,0,180,13.42825,-3.261062,3.261062,-3261.062,13.45362,0,0
"2026-05-03 18:00:00",11281,-3.256188,0.0011851,0,180,13.42825,-3.253875,3.253875,-3253.875,13.45362,0,0
"2026-05-03 18:06:00",11282,-3.254634,0.0005407,0,180,13.43671,-3.253804,3.253804,-3253.804,13.45362,0,0
"2026-05-03 18:12:00",11283,-3.249825,0.0007665,0,180,13.43671,-3.249926,3.249926,-3249.926,13.43671,0,0
"2026-05-03 18:18:00",11284,-3.249836,0.0008348,0,180,13.42825,-3.251123,3.251123,-3251.123,13.43671,0,0
"2026-05-03 18:24:00",11285,-3.249385,0.0003606,0,180,13.44517,-3.24881,3.24881,-3248.81,13.45362,0,0
"2026-05-03 18:30:00",11286,-3.247752,0.0005732,0,180,13.4198,-3.247186,3.247186,-3247.186,13.43671,0,0
"2026-05-03 18:36:00",11287,-3.246671,0.0006675,0,180,13.44517,-3.248003,3.248003,-3248.003,13.44517,0,0
"2026-05-03 18:42:00",11288,-3.249767,0.0008218,0,180,13.4198,-3.252031,3.252031,-3252.031,13.43671,0,0
"2026-05-03 18:48:00",11289,-3.254671,0.0005624,0,180,13.43671,-3.255881,3.255881,-3255.881,13.4198,0,0
"2026-05-03 18:54:00",11290,-3.257939,0.0005775,0,180,13.42825,-3.258472,3.258472,-3258.472,13.41134,0,0
"2026-05-03 19:00:00",11291,-3.261146,0.0005719,0,180,13.23376,-3.261595,3.261595,-3261.595,13.42825,0,0
"2026-05-03 19:06:00",11292,-3.261624,0.0004437,0,180,13.14075,-3.260876,3.260876,-3260.876,13.4198,0,0
"2026-05-03 19:12:00",11293,-3.263863,0.0007815,0,180,13.09001,-3.263871,3.263871,-3263.871,13.42825,0,0
"2026-05-03 19:18:00",11294,-3.268441,0.0006804,0,180,13.04773,-3.268689,3.268689,-3268.689,13.41134,0,0
"2026-05-03 19:24:00",11295,-3.271879,0.0004484,0,180,13.02236,-3.272254,3.272254,-3272.254,13.42825,0,0
"2026-05-03 19:30:00",11296,-3.270686,0.0005328,0,180,13.02236,-3.271549,3.271549,-3271.549,13.43671,0,0
"2026-05-03 19:36:00",11297,-3.27259,0.0003928,0,180,12.98008,-3.272936,3.272936,-3272.936,13.4198,0,0
"2026-05-03 19:42:00",11298,-3.274468,0.0005529,0,180,13.40289,-3.274978,3.274978,-3274.978,13.42825,0,0
"2026-05-03 19:48:00",11299,-3.277492,0.0004887,0,180,13.41134,-3.277944,3.277944,-3277.944,13.42825,0,0
"2026-05-03 19:54:00",11300,-3.279635,0.0005488,0,180,13.41134,-3.281115,3.281115,-3281.115,13.42825,0,0
"2026-05-03 20:00:00",11301,-3.282559,0.0003978,0,180,13.4198,-3.2828,3.2828,-3282.8,13.43671,0,0
"2026-05-03 20:06:00",11302,-3.283647,0.0009042,0,180,13.42825,-3.284521,3.284521,-3284.521,13.44517,0,0
"2026-05-03 20:12:00",11303,-3.289872,0.0012782,0,180,13.41134,-3.292011,3.292011,-3292.011,13.42825,0,0
"2026-05-03 20:18:00",11304,-3.297215,0.0008132,0,180,12.98008,-3.298889,3.298889,-3298.889,13.44517,0,0
"2026-05-03 20:24:00",11305,9999999,0,0,0,13.4198,-3.302734,3.302734,-3302.734,13.43671,0,0
"2026-05-03 20:30:00",11306,-3.307858,0.00125,0,180,12.97163,-3.310232,3.310232,-3310.232,13.42825,0,0
"2026-05-03 20:36:00",11307,-3.315452,0.0008063,0,180,13.4198,-3.316991,3.316991,-3316.991,13.43671,0,0
"2026-05-03 20:42:00",11308,-3.323668,0.0012301,0,180,13.42825,-3.32564,3.32564,-3325.64,13.4198,0,0
"2026-05-03 20:48:00",11309,-3.331351,0.0007153,0,180,13.4198,-3.332505,3.332505,-3332.505,13.44517,0,0
"2026-05-03 20:54:00",11310,-3.336812,0.0005908,0,180,13.4198,-3.337884,3.337884,-3337.884,13.43671,0,0
"2026-05-03 21:00:00",11311,-3.339935,0.0004676,0,180,13.42825,-3.340457,3.340457,-3340.457,13.43671,0,0
"2026-05-03 21:06:00",11312,-3.345459,0.0007291,0,180,12.97163,-3.346341,3.346341,-3346.341,13.42825,0,0
"2026-05-03 21:12:00",11313,-3.347214,0.0001837,0,180,13.4198,-3.347304,3.347304,-3347.304,13.43671,0,0
"2026-05-03 21:18:00",11314,-3.349321,0.0003525,0,180,13.42825,-3.349047,3.349047,-3349.047,13.42825,0,0
"2026-05-03 21:24:00",11315,-3.349893,0.0002487,0,180,13.42825,-3.349899,3.349899,-3349.899,13.4198,0,0
"2026-05-03 21:30:00",11316,-3.351582,0.0002704,0,180,13.42825,-3.351892,3.351892,-3351.892,13.43671,0,0
"2026-05-03 21:36:00",11317,-3.352412,0.0009804,0,180,13.4198,-3.354207,3.354207,-3354.207,13.43671,0,0
"2026-05-03 21:42:00",11318,-3.358331,0.0007559,0,180,13.42825,-3.359275,3.359275,-3359.275,13.44517,0,0
"2026-05-03 21:48:00",11319,-3.358701,0.0002764,0,180,12.97163,-3.359111,3.359111,-3359.111,12.98008,0,0
"2026-05-03 21:54:00",11320,-3.362797,0.0005125,0,180,12.97163,-3.36337,3.36337,-3363.37,13.43671,0,0
"2026-05-03 22:00:00",11321,-3.365717,0.0006289,0,180,13.4198,-3.366746,3.366746,-3366.746,13.43671,0,0
"2026-05-03 22:06:00",11322,-3.370499,0.0002307,4,176,12.98008,-3.370834,3.370834,-3370.834,13.43671,0,0
"2026-05-03 22:12:00",11323,-3.372294,0.0006588,0,180,13.42825,-3.373784,3.373784,-3373.784,13.44517,0,0
"2026-05-03 22:18:00",11324,-3.378074,0.000399,0,180,13.42825,-3.378577,3.378577,-3378.577,13.4198,0,0
"2026-05-03 22:24:00",11325,-3.378733,0.0002682,0,180,12.97163,-3.379287,3.379287,-3379.287,13.42825,0,0
"2026-05-03 22:30:00",11326,-3.383163,0.0005788,0,180,13.43671,-3.383448,3.383448,-3383.448,13.44517,0,0
"2026-05-03 22:36:00",11327,-3.385097,0.0002496,0,180,13.4198,-3.385406,3.385406,-3385.406,13.42825,0,0
"2026-05-03 22:42:00",11328,-3.386796,0.0003074,0,180,13.43671,-3.387366,3.387366,-3387.366,13.44517,0,0
"2026-05-03 22:48:00",11329,-3.387349,0.0005049,0,180,13.4198,-3.388475,3.388475,-3388.475,13.44517,0,0
"2026-05-03 22:54:00",11330,-3.389809,0.0001712,0,180,13.4198,-3.389444,3.389444,-3389.444,13.43671,0,0
"2026-05-03 23:00:00",11331,-3.387109,0.0006711,0,180,12.97163,-3.387106,3.387106,-3387.106,13.44517,0,0
"2026-05-03 23:06:00",11332,-3.388193,0.0006293,0,180,12.98854,-3.38785,3.38785,-3387.85,13.43671,0,0
"2026-05-03 23:12:00",11333,-3.384312,0.0009176,0,180,12.97163,-3.382384,3.382384,-3382.384,13.43671,0,0
"2026-05-03 23:18:00",11334,-3.382405,0.0009,0,180,12.98008,-3.38046,3.38046,-3380.46,13.43671,0,0
"2026-05-03 23:24:00",11335,-3.377156,0.0004119,0,180,12.98008,-3.377227,3.377227,-3377.227,13.44517,0,0
"2026-05-03 23:30:00",11336,-3.373929,0.0010046,0,180,12.97163,-3.372495,3.372495,-3372.495,13.44517,0,0
"2026-05-03 23:36:00",11337,-3.36719,0.0009015,0,180,12.98008,-3.365758,3.365758,-3365.758,13.43671,0,0
"2026-05-03 23:42:00",11338,-3.361445,0.0008806,0,180,12.98008,-3.359436,3.359436,-3359.436,13.44517,0,0
"2026-05-03 23:48:00",11339,-3.355193,0.0005234,0,180,12.96317,-3.35396,3.35396,-3353.96,13.42825,0,0
"2026-05-03 23:54:00",11340,-3.351416,0.0010826,0,180,13.41134,-3.349214,3.349214,-3349.214,13.42825,0,0
"2026-05-04 00:00:00",11341,-3.344662,0.0008811,0,180,12.97163,-3.343584,3.343584,-3343.584,13.43671,0,0
"2026-05-04 00:06:00",11342,-3.338733,0.0009225,0,180,12.97163,-3.337368,3.337368,-3337.368,13.43671,0,0
"2026-05-04 00:12:00",11343,-3.331258,0.000954,0,180,12.97163,-3.329729,3.329729,-3329.729,13.42825,0,0
"2026-05-04 00:18:00",11344,-3.324478,0.0009696,0,180,12.96317,-3.322535,3.322535,-3322.535,13.42825,0,0
"2026-05-04 00:24:00",11345,-3.317104,0.0009691,0,180,12.98008,-3.314885,3.314885,-3314.885,13.43671,0,0
"2026-05-04 00:30:00",11346,-3.309329,0.0012541,0,180,12.98008,-3.306726,3.306726,-3306.726,13.44517,0,0
"2026-05-04 00:36:00",11347,-3.300357,0.0014174,0,180,12.97163,-3.298546,3.298546,-3298.546,13.42825,0,0
"2026-05-04 00:42:00",11348,-3.291483,0.0016097,0,180,13.42825,-3.28856,3.28856,-3288.56,13.4198,0,0
"2026-05-04 00:48:00",11349,-3.279937,0.0009511,0,180,12.98008,-3.27814,3.27814,-3278.14,13.41134,0,0
"2026-05-04 00:54:00",11350,-3.268126,0.0017359,0,180,13.43671,-3.264455,3.264455,-3264.455,13.44517,0,0
"2026-05-04 01:00:00",11351,-3.255779,0.0020416,0,180,13.42825,-3.252313,3.252313,-3252.313,13.43671,0,0
"2026-05-04 01:06:00",11352,-3.242676,0.0022454,0,180,13.4198,-3.238153,3.238153,-3238.153,13.42825,0,0
"2026-05-04 01:12:00",11353,-3.230352,0.0013518,0,180,12.98008,-3.228334,3.228334,-3228.334,13.44517,0,0
"2026-05-04 01:18:00",11354,-3.217202,0.0023017,0,180,12.98008,-3.212714,3.212714,-3212.714,13.43671,0,0
"2026-05-04 01:24:00",11355,-3.204761,0.0016834,0,180,13.42825,-3.200841,3.200841,-3200.841,13.43671,0,0
"2026-05-04 01:30:00",11356,-3.19424,0.0014476,0,180,13.4198,-3.190416,3.190416,-3190.416,13.44517,0,0
"2026-05-04 01:36:00",11357,-3.184539,0.0015565,0,180,12.98854,-3.181615,3.181615,-3181.615,13.4198,0,0
"2026-05-04 01:42:00",11358,-3.174002,0.0012888,0,180,13.43671,-3.17122,3.17122,-3171.22,13.43671,0,0
"2026-05-04 01:48:00",11359,-3.165736,0.0006234,0,180,12.98854,-3.164482,3.164482,-3164.482,13.43671,0,0
"2026-05-04 01:54:00",11360,-3.157352,0.0022208,0,180,13.4198,-3.156205,3.156205,-3156.205,13.43671,0,0
"2026-05-04 02:00:00",11361,-3.151159,0.0015542,0,180,13.43671,-3.149195,3.149195,-3149.195,13.44517,0,0
"2026-05-04 02:06:00",11362,-3.145818,0.0008669,9,171,12.98008,-3.141721,3.141721,-3141.721,13.44517,0,0
"2026-05-04 02:12:00",11363,-3.138247,0.0012667,4,176,13.42825,-3.137441,3.137441,-3137.441,13.43671,0,0
"2026-05-04 02:18:00",11364,-3.131163,0.0014846,0,180,12.97163,-3.129007,3.129007,-3129.007,13.35215,0,0
"2026-05-04 02:24:00",11365,-3.123116,0.0017842,0,180,13.42825,-3.119645,3.119645,-3119.645,13.42825,0,0
"2026-05-04 02:30:00",11366,-3.11265,0.0016618,0,180,13.06464,-3.109504,3.109504,-3109.504,13.4198,0,0
"2026-05-04 02:36:00",11367,-3.100756,0.0037132,0,180,12.98008,-3.099176,3.099176,-3099.176,13.09001,0,0
"2026-05-04 02:42:00",11368,-3.084276,0.0020627,0,180,12.98008,-3.082035,3.082035,-3082.035,13.06464,0,0
"2026-05-04 02:48:00",11369,-3.069547,0.0021992,0,180,12.96317,-3.065947,3.065947,-3065.947,13.03082,0,0
"2026-05-04 02:54:00",11370,-3.053087,0.0035801,0,180,13.33524,-3.052887,3.052887,-3052.887,13.02236,0,0
"2026-05-04 03:00:00",11371,-3.035311,0.0023949,0,180,12.97163,-3.031579,3.031579,-3031.579,13.01391,0,0
"2026-05-04 03:06:00",11372,-3.022216,0.0020908,0,180,13.38597,-3.020197,3.020197,-3020.197,13.41134,0,0
"2026-05-04 03:12:00",11373,-3.009,0.0030616,0,180,12.97163,-3.001478,3.001478,-3001.478,12.99699,0,0
"2026-05-04 03:18:00",11374,-2.995243,0.0022327,0,180,13.4198,-2.990843,2.990843,-2990.843,13.42825,0,0
"2026-05-04 03:24:00",11375,-2.978596,0.0022442,0,180,13.36906,-2.975772,2.975772,-2975.772,12.98008,0,0
"2026-05-04 03:30:00",11376,-2.96386,0.0012159,0,180,12.97163,-2.96202,2.96202,-2962.02,12.97163,0,0
"2026-05-04 03:36:00",11377,-2.95312,0.0013871,0,180,13.4198,-2.951823,2.951823,-2951.823,13.4198,0,0
"2026-05-04 03:42:00",11378,-2.945327,0.0012317,0,180,12.98008,-2.946028,2.946028,-2946.028,12.99699,0,0
"2026-05-04 03:48:00",11379,-2.940649,0.0012622,0,180,13.41134,-2.939624,2.939624,-2939.624,12.98854,0,0
"2026-05-04 03:54:00",11380,-2.937546,0.0018805,0,180,13.41134,-2.933132,2.933132,-2933.132,12.99699,0,0
"2026-05-04 04:00:00",11381,-2.934124,0.0016327,0,180,13.4198,-2.931206,2.931206,-2931.206,13.42825,0,0
"2026-05-04 04:06:00",11382,-2.930194,0.0009923,3,177,13.4198,-2.926657,2.926657,-2926.657,12.99699,0,0
"2026-05-04 04:12:00",11383,-2.924566,0.0016256,0,180,13.41134,-2.924266,2.924266,-2924.266,13.42825,0,0
"2026-05-04 04:18:00",11384,-2.920322,0.0014673,0,180,13.41134,-2.921453,2.921453,-2921.453,13.42825,0,0
"2026-05-04 04:24:00",11385,-2.913851,0.001126,0,180,13.42825,-2.91351,2.91351,-2913.51,12.99699,0,0
"2026-05-04 04:30:00",11386,-2.906586,0.0021205,0,180,12.97163,-2.905011,2.905011,-2905.011,12.98854,0,0
"2026-05-04 04:36:00",11387,-2.902193,0.0018681,0,180,12.97163,-2.89859,2.89859,-2898.59,13.42825,0,0
"2026-05-04 04:42:00",11388,-2.891624,0.00146,0,180,12.98008,-2.887973,2.887973,-2887.973,12.98008,0,0
"2026-05-04 04:48:00",11389,-2.883924,0.0014531,0,180,13.43671,-2.880918,2.880918,-2880.918,13.44517,0,0
"2026-05-04 04:54:00",11390,-2.873644,0.0022754,0,180,13.43671,-2.870567,2.870567,-2870.567,12.99699,0,0
"2026-05-04 05:00:00",11391,-2.865112,0.0026632,0,180,13.42825,-2.864498,2.864498,-2864.498,13.44517,0,0
"2026-05-04 05:06:00",11392,-2.857666,0.0012081,0,180,13.4198,-2.857228,2.857228,-2857.228,12.98008,0,0
"2026-05-04 05:12:00",11393,-2.847036,0.0020018,0,180,12.98008,-2.844363,2.844363,-2844.363,12.99699,0,0
"2026-05-04 05:18:00",11394,-2.840861,0.0017846,0,180,12.98008,-2.837862,2.837862,-2837.862,12.98854,0,0
"2026-05-04 05:24:00",11395,-2.832137,0.0013903,0,180,13.43671,-2.829672,2.829672,-2829.672,12.98854,0,0
"2026-05-04 05:30:00",11396,-2.830207,0.0018464,0,180,12.98008,-2.831165,2.831165,-2831.165,12.99699,0,0
"2026-05-04 05:36:00",11397,-2.826361,0.0008128,0,180,13.42825,-2.824521,2.824521,-2824.521,12.99699,0,0
"2026-05-04 05:42:00",11398,-2.827952,0.0009337,0,180,12.97163,-2.828635,2.828635,-2828.635,12.98008,0,0
"2026-05-04 05:48:00",11399,-2.82908,0.0017714,0,180,13.4198,-2.831318,2.831318,-2831.318,12.97163,0,0
"2026-05-04 05:54:00",11400,-2.832159,0.0010818,0,180,13.43671,-2.832798,2.832798,-2832.798,13.44517,0,0
"2026-05-04 06:00:00",11401,-2.835431,0.0010001,0,180,13.4198,-2.836096,2.836096,-2836.096,13.43671,0,0
"2026-05-04 06:06:00",11402,-2.838244,0.0011455,1,179,13.42825,-2.842,2.842,-2842,13.44517,0,0
"2026-05-04 06:12:00",11403,-2.840845,0.0013098,0,180,12.98008,-2.843591,2.843591,-2843.591,12.98008,0,0
"2026-05-04 06:18:00",11404,-2.841993,0.0017323,0,180,12.98008,-2.843541,2.843541,-2843.541,12.99699,0,0
"2026-05-04 06:24:00",11405,-2.844,0.0006918,0,180,13.42825,-2.844342,2.844342,-2844.342,12.98008,0,0
"2026-05-04 06:30:00",11406,-2.842186,0.0014128,0,180,13.43671,-2.84221,2.84221,-2842.21,13.44517,0,0
"2026-05-04 06:36:00",11407,-2.837637,0.0019713,0,180,13.43671,-2.83624,2.83624,-2836.24,12.99699,0,0
"2026-05-04 06:42:00",11408,-2.832795,0.0015905,0,180,13.4198,-2.830687,2.830687,-2830.687,13.42825,0,0
"2026-05-04 06:48:00",11409,-2.827104,0.001811,0,180,13.42825,-2.824736,2.824736,-2824.736,13.44517,0,0
"2026-05-04 06:54:00",11410,-2.817775,0.0025596,0,180,13.42825,-2.81617,2.81617,-2816.17,13.44517,0,0
"2026-05-04 07:00:00",11411,-2.810634,0.0011192,0,180,13.43671,-2.80856,2.80856,-2808.56,12.99699,0,0
"2026-05-04 07:06:00",11412,-2.802823,0.0010766,2,178,13.42825,-2.79915,2.79915,-2799.15,13.4198,0,0
"2026-05-04 07:12:00",11413,-2.798911,0.001164,0,180,13.4198,-2.799389,2.799389,-2799.389,12.98008,0,0
"2026-05-04 07:18:00",11414,-2.797155,0.0014411,0,180,12.98854,-2.796548,2.796548,-2796.548,13.44517,0,0
"2026-05-04 07:24:00",11415,-2.802206,0.0022584,0,180,13.43671,-2.801115,2.801115,-2801.115,13.43671,0,0
"2026-05-04 07:30:00",11416,-2.802663,0.0010511,0,180,13.41134,-2.801263,2.801263,-2801.263,13.43671,0,0
"2026-05-04 07:36:00",11417,-2.807539,0.0011986,0,180,13.43671,-2.808592,2.808592,-2808.592,13.45362,0,0
"2026-05-04 07:42:00",11418,-2.812395,0.0012075,0,180,13.41134,-2.814507,2.814507,-2814.507,13.43671,0,0
"2026-05-04 07:48:00",11419,-2.818754,0.0011967,0,180,13.43671,-2.820847,2.820847,-2820.847,13.44517,0,0
"2026-05-04 07:54:00",11420,-2.826696,0.003064,0,180,13.4198,-2.832377,2.832377,-2832.377,13.42825,0,0
"2026-05-04 08:00:00",11421,-2.838129,0.0011013,0,180,13.43671,-2.839153,2.839153,-2839.153,13.44517,0,0
"2026-05-04 08:06:00",11422,-2.845139,0.0011049,0,180,13.41134,-2.846159,2.846159,-2846.159,13.42825,0,0
"2026-05-04 08:12:00",11423,-2.854872,0.0019339,0,180,13.43671,-2.855566,2.855566,-2855.566,13.44517,0,0
"2026-05-04 08:18:00",11424,-2.860877,0.0009537,0,180,13.43671,-2.860453,2.860453,-2860.453,13.45362,0,0
"2026-05-04 08:24:00",11425,-2.86503,0.0024593,0,180,13.42825,-2.86754,2.86754,-2867.54,13.42825,0,0
"2026-05-04 08:30:00",11426,-2.86851,0.0021044,0,180,13.42825,-2.868664,2.868664,-2868.664,13.43671,0,0
"2026-05-04 08:36:00",11427,-2.861806,0.0009039,0,180,13.4198,-2.860332,2.860332,-2860.332,13.42825,0,0
"2026-05-04 08:42:00",11428,-2.86653,0.0009921,0,180,13.42825,-2.867214,2.867214,-2867.214,13.43671,0,0
"2026-05-04 08:48:00",11429,-2.868389,0.0007104,0,180,13.43671,-2.867234,2.867234,-2867.234,13.44517,0,0
"2026-05-04 08:54:00",11430,-2.864292,0.0009254,0,180,13.42825,-2.864949,2.864949,-2864.949,13.43671,0,0
"2026-05-04 09:00:00",11431,-2.867553,0.0014099,0,180,13.4198,-2.868239,2.868239,-2868.239,13.43671,0,0
"2026-05-04 09:06:00",11432,-2.867883,0.0013418,0,180,13.43671,-2.866505,2.866505,-2866.505,13.43671,0,0
